"ViolentCrimesPerPop","state","racepctblack","PctEmploy","MalePctNevMarr","PctWorkMom","PctIlleg","NumInShelters","PctPopUnderPov","NumStreet"
"1",0.2,8,0.02,0.68,0.4,0.76,0.14,0.04,0.19,0
"2",0.67,53,0.12,0.73,0.63,0.53,0.24,0,0.24,0
"3",0.43,24,0.49,0.58,0.41,0.67,0.46,0,0.27,0
"4",0.12,34,1,0.71,0.45,0.86,0.33,0,0.1,0
"5",0.03,42,0.02,0.65,0.27,0.6,0.06,0,0.06,0
"6",0.14,6,0.06,0.65,0.57,0.43,0.11,0,0.12,0
"7",0.03,44,0,0.54,0.34,0.62,0.13,0,0.11,0
"8",0.55,6,0.03,0.26,0.47,0.27,0.5,0,0.64,0
"9",0.53,21,0.2,0.43,0.26,0.64,0.29,0.01,0.45,0
"10",0.15,29,0.06,0.44,0.85,0.71,0.07,0,0.11,0
"11",0.24,6,0.15,0.62,0.55,0.81,0.3,0.07,0.18,0.14
"12",0.08,36,0.08,0.51,0.4,0.39,0.14,0.01,0.07,0
"13",0.06,25,0.01,0.55,0.38,0.48,0.03,0,0.07,0
"14",0.09,55,0,0.76,0.39,0.6,0.08,0.01,0.07,0
"15",0.21,6,0.01,0.68,0.5,0.3,0.1,0,0.18,0.11
"16",0.3,19,0.06,0.42,0.34,0.71,0.19,0.01,0.33,0
"17",0.49,36,0.4,0.44,0.94,0.65,0.73,0.23,0.48,0.02
"18",0.07,34,0.01,0.68,0.4,0.48,0.04,0,0.04,0
"19",0.15,18,0.01,0.48,0.58,0.6,0.11,0,0.22,0
"20",0.03,42,0.05,0.25,0.29,0.31,0.06,0,0.28,0
"21",0.34,6,0.05,0.43,0.35,0.3,0.22,0.12,0.34,0.09
"22",0.69,12,0.47,0.59,0.41,0.56,0.35,0.39,0.33,0.36
"23",0.21,41,0.02,0.32,0.49,0.48,0.2,0.05,0.58,0
"24",0.63,19,0.04,0.53,0.39,0.71,0.26,0.05,0.36,0.01
"25",0.31,6,0.05,0.22,0.49,0.47,0.43,0,0.63,0
"26",0.12,8,0.02,0.56,0.73,0.67,0.07,0,0.3,0
"27",0.84,6,0.46,0.57,0.59,0.49,0.49,0,0.25,0
"28",0.1,39,0.01,0.37,0.25,0.42,0.06,0,0.32,0
"29",0.49,54,0.43,0.13,0.33,0.4,0.29,0.01,0.57,0
"30",0.02,9,0.01,0.81,0.35,0.82,0.04,0,0.01,0
"31",0.16,1,0,0.27,0.22,0.54,0.05,0,0.45,0
"32",0.19,19,0.14,0.6,0.44,0.74,0.29,0.18,0.33,0.04
"33",0.15,1,0.32,0.23,1,0.69,0.69,0,1,0
"34",0.31,51,0.51,0.38,0.53,0.62,0.48,0.03,0.43,0
"35",0.08,6,0.06,0.81,0.47,0.62,0.07,0,0.06,0
"36",0.24,18,0.19,0.43,0.37,0.66,0.32,0.05,0.38,0.01
"37",0.11,6,0.06,0.59,0.37,0.61,0.11,0,0.1,0
"38",0.22,41,0.01,0.19,0.28,0.34,0.3,0.01,0.59,0
"39",0.13,40,0.24,0.45,0.3,0.38,0.23,0.01,0.48,0
"40",0.07,34,0.21,0.98,0.6,0.41,0.22,0,0.02,0
"41",0.11,34,0.01,0.35,0.26,0.32,0.07,0,0.1,0
"42",0.06,44,0.08,0.49,0.39,0.72,0.13,0,0.17,0
"43",0.8,1,1,0.33,0.42,0.83,0.39,0,0.54,0.01
"44",0.22,6,0.02,0.6,0.4,0.47,0.17,0,0.17,1
"45",0.17,34,0.02,0.48,0.41,0.11,0.06,0.01,0.07,0
"46",0.16,8,0.02,0.56,0.73,0.55,0.11,0.02,0.44,0.02
"47",0.2,34,0.45,0.58,0.42,0.62,0.34,0.07,0.18,0
"48",0.12,35,0.03,0.3,0.24,0.23,0.27,0,0.57,0
"49",0.11,8,0.02,0.62,0.37,0.71,0.09,0,0.18,0
"50",0.12,33,0.01,0.44,0.32,0.65,0.23,0,0.34,0
"51",0.2,18,0.17,0.41,0.32,0.48,0.23,0.04,0.43,0
"52",0.68,6,0.14,0.51,0.54,0.37,0.32,0.1,0.31,0.03
"53",0.23,34,0.29,0.52,0.42,0.45,0.27,0,0.13,0
"54",0.05,34,0.01,0.59,0.35,0.36,0.05,0,0.05,0
"55",0.1,39,0.02,0.38,0.28,0.4,0.12,0,0.43,0
"56",0.28,48,0.1,0.24,0.24,0.35,0.22,0,0.61,0
"57",0.22,6,0.05,0.69,0.45,0.6,0.13,0.03,0.16,0.01
"58",0.22,53,0.01,0.33,0.31,0.34,0.14,0.01,0.43,0
"59",0.55,1,0.48,0.57,0.45,0.54,0.28,0.17,0.3,0.09
"60",0.05,34,0,0.57,0.47,0.74,0.09,0,0.1,0
"61",0.03,34,0.01,0.55,0.39,0.29,0.03,0,0.08,0
"62",0.07,51,0.25,0.37,0.38,0.68,0.24,0.02,0.3,0
"63",0.07,41,0.01,0.38,0.45,0.57,0.2,0,0.5,0
"64",0.57,4,0.1,0.48,0.35,0.5,0.34,0.03,0.46,0.09
"65",0.37,6,0.19,0.08,0.31,0.18,0.31,0.02,0.44,0
"66",0.14,6,0.01,0.78,0.63,0.53,0.06,0,0.09,0
"67",0.61,37,0.48,0.5,0.38,0.58,0.48,0.05,0.37,0.03
"68",0.03,34,0.07,0.73,0.52,0.24,0.11,0,0.08,0
"69",0.5,34,0.23,0.47,0.61,0.58,0.67,0.01,0.4,0
"70",0.05,36,0.01,0.43,0.4,0.56,0.21,0,0.25,0
"71",0.04,29,0.05,0.6,0.31,0.25,0.04,0,0.04,0
"72",0.21,6,0.02,0.66,0.38,0.6,0.09,0.04,0.1,0.06
"73",0.05,19,0.02,0.49,0.7,0.56,0.17,0,0.44,0
"74",0.02,9,0.01,0.72,0.32,0.58,0.04,0,0.06,0
"75",0.14,9,0.08,0.58,0.46,0.63,0.27,0.02,0.18,0.01
"76",0.18,25,0.02,0.21,0.29,0.54,0.15,0.01,0.24,0
"77",0.12,40,0.21,0.47,0.28,0.63,0.31,0,0.39,0
"78",0.68,48,0.82,0.19,0.39,0.4,0.32,0.01,0.75,0
"79",0.7,8,0.04,0.23,0.39,0.38,0.3,0.05,0.57,0.13
"80",0.75,8,0.22,0.77,0.4,0.72,0.25,0.03,0.19,0
"81",0.3,36,0.27,0.44,0.54,0.24,0.5,0.15,0.28,0.02
"82",0.24,49,0.05,0.41,0.39,0.56,0.21,0.12,0.44,0.14
"83",1,48,0.21,0.32,0.36,0.78,0.16,0,0.52,0
"84",0,39,0,0.43,0.24,0.41,0.04,0,0.09,0
"85",0.03,46,0.01,0.42,1,0.6,0.27,0,0.82,0
"86",0.06,29,0.04,0.32,0.3,0.53,0.04,0,0.31,0
"87",0.08,4,0,0.3,0.13,0.62,0.06,0,0.2,0
"88",0.1,6,0.02,0.21,0.35,0.51,0.04,0,0.11,0
"89",0.27,41,0,0.29,0.28,0.51,0.29,0,0.49,0
"90",0.15,6,0.01,0.25,0.2,0.36,0.13,0.03,0.19,0
"91",0.63,12,0.2,0.72,0.59,0.78,0.16,0,0.27,0.26
"92",0.05,28,0.33,0.69,0.44,0.73,0.32,0,0.24,0
"93",0.03,44,0.01,0.57,0.36,0.25,0.11,0,0.11,0
"94",0.12,41,0.01,0.57,0.33,0.75,0.03,0,0.09,0
"95",0.4,6,0.05,0.69,0.51,0.61,0.12,0.01,0.22,0
"96",0.37,25,0.08,0.56,0.63,0.5,0.28,0.07,0.19,0.01
"97",0.45,6,0.03,0.34,0.46,0.39,0.16,0.1,0.49,0.06
"98",0.04,19,0.05,0.51,1,0.6,0.12,0.01,0.64,0
"99",0.09,9,0.03,0.65,0.36,0.68,0.07,0,0.03,0
"100",0.09,33,0.02,0.59,0.5,0.73,0.24,0.09,0.23,0
"101",0.39,40,0.38,0.47,0.29,0.45,0.25,0.04,0.42,0
"102",0.02,34,0.05,0.51,0.46,0.52,0.13,0,0.12,0
"103",0.34,12,0.17,0.37,0.36,0.59,0.23,0.05,0.28,0.22
"104",0.28,48,0.12,0.52,0.27,0.52,0.2,0.16,0.44,0.05
"105",0.08,46,0.02,0.58,0.4,0.9,0.16,0,0.31,0
"106",0.44,22,0.68,0.03,0.37,0.4,0.56,0,0.99,0
"107",0.24,6,0.04,0.4,1,0.57,0.14,0.07,0.73,0
"108",0.09,42,0.09,0.74,0.4,0.66,0.18,0,0.04,0
"109",0.26,48,0.23,0.4,0.31,0.48,0.15,0,0.58,0
"110",0.4,4,0.08,0.43,0.58,0.52,0.35,0.26,0.53,0.23
"111",0.56,12,0.39,0.26,0.28,0.67,0.4,0.01,0.24,0.03
"112",0.05,42,0.02,0.51,0.24,0.71,0.04,0,0.09,0
"113",0.06,25,0.03,0.68,0.51,0.63,0.09,0,0.09,0
"114",0.2,6,0.05,0.69,0.67,0.58,0.19,0.07,0.15,0
"115",0.51,6,0.1,0.27,0.43,0.23,0.4,0.14,0.43,0.05
"116",0.04,34,0.05,0.68,0.32,0.27,0.03,0,0.07,0
"117",0.86,6,1,0.52,0.71,0.49,0.97,0.01,0.43,0.22
"118",0.05,42,0.02,0.5,0.38,0.36,0.02,0,0.09,0
"119",0.06,12,0.07,0.27,0.24,0.57,0.1,0,0.17,0
"120",0.68,6,0.09,0.59,0.73,0.43,0.29,0.19,0.24,0.84
"121",0.22,12,0.08,0.69,0.36,0.59,0.17,0,0.19,0
"122",0.05,34,0.22,0.63,0.36,0.43,0.05,0,0.02,0
"123",0.03,39,0.01,0.63,0.35,0.67,0.07,0,0.08,0
"124",0.09,45,0.28,0.79,0.3,0.74,0.16,0,0.08,0
"125",0.17,33,0.01,0.55,0.55,0.71,0.14,0,0.2,0
"126",0.17,39,0.02,0.44,0.35,0.54,0.11,0,0.19,0
"127",0.17,42,0.11,0.72,0.34,0.62,0.08,0,0.06,0
"128",0.14,6,0.12,0.45,0.48,0.4,0.16,0.02,0.3,0.05
"129",0.62,6,0.01,0.46,0.48,0.5,0.37,0.07,0.4,0.06
"130",0.03,39,0.03,0.34,0.21,0.5,0.04,0,0.19,0
"131",0.23,28,0.98,0.19,0.44,0.5,0.85,0,0.85,0
"132",0.15,25,0.01,0.7,0.43,0.59,0.18,0,0.24,0
"133",0.13,16,0.01,0.49,0.34,0.74,0.13,0,0.42,0
"134",0.27,6,0.03,0.57,0.46,0.51,0.14,0,0.09,0
"135",0.08,34,0.03,0.51,0.43,0.55,0.09,0,0.11,0
"136",0.06,34,0.03,0.54,0.42,0.4,0.07,0,0.04,0
"137",0.09,25,0.02,0.58,0.28,0.59,0.03,0,0.08,0
"138",0.16,6,0.04,0.77,0.6,0.61,0.19,0,0.14,0
"139",0.38,47,0.41,0.35,0.3,0.54,0.31,0,0.45,0
"140",0.02,6,0.02,0.49,0.2,0.24,0.03,0,0.05,0
"141",0.08,6,0.19,0.22,0.78,0.59,0.06,0,0.12,0
"142",0.09,33,0.02,0.71,0.4,0.66,0.08,0,0.09,0
"143",0.3,5,0.82,0.45,0.41,0.62,0.77,0.01,0.61,0
"144",0.05,34,0.01,0.69,0.27,0.32,0.05,0,0.06,0
"145",0.17,6,0.03,0.65,0.38,0.57,0.21,0.02,0.26,0
"146",0.53,25,0.05,0.43,0.71,0.4,0.46,0.11,0.47,0.11
"147",1,22,0.86,0.38,0.68,0.53,0.81,0.08,0.7,0.02
"148",0.05,42,0.03,0.3,0.46,0.49,0.31,0,0.4,0
"149",0.63,12,0.57,0.32,0.39,0.64,0.44,0,0.43,0
"150",1,12,0.41,0.47,0.26,0.41,0.37,0,0.47,0.01
"151",0.21,48,0.09,0.49,0.37,0.61,0.15,0.14,0.49,0
"152",0.86,37,0.75,0.48,0.43,0.44,0.53,0.06,0.49,0.07
"153",0.03,39,0.01,0.46,0.24,0.35,0.05,0,0.19,0
"154",0.26,44,0,0.58,0.32,0.67,0.08,0,0.08,0
"155",0.87,12,0.75,0.23,0.4,0.53,0.46,0,0.66,0.08
"156",0.44,34,0.4,0.48,0.65,0.6,0.97,0.01,0.45,0.03
"157",0.03,6,0.01,0.61,0.33,0.38,0.07,0,0.1,0
"158",0.73,37,1,0.4,0.49,0.72,0.77,0,0.64,0
"159",0.48,12,0.17,0.34,0.32,0.62,0.25,0.13,0.27,0.08
"160",0.06,40,0.03,0.64,0.16,0.55,0.09,0,0.22,0
"161",0.07,29,0.04,0.23,0.93,0.46,0.1,0,0.59,0
"162",0.03,9,0.02,0.67,0.41,0.55,0.03,0.06,0.08,0.08
"163",0.17,25,0.01,0.5,0.5,0.5,0.09,0,0.09,0
"164",0.11,25,0.02,0.53,0.54,0.48,0.09,0,0.11,0
"165",0.05,34,0.07,0.54,0.3,0.55,0.03,0,0.05,0
"166",0.25,6,0.07,0.68,0.41,0.51,0.17,0,0.13,0
"167",0.05,51,0.08,0.14,1,0.39,0.15,0,1,0
"168",0.15,48,0.05,0.38,0.25,0.36,0.11,0.01,0.4,0
"169",0.46,37,0.69,0.35,0.5,0.67,0.47,0.01,0.41,0
"170",0.45,39,0.06,0.39,0.29,0.42,0.19,0,0.41,0
"171",0.23,54,0.13,0.14,0.48,0.33,0.2,0.04,0.61,0.01
"172",0.08,42,0.03,0.54,0.28,0.43,0.11,0,0.09,0
"173",0.08,18,0.01,0.49,0.29,0.79,0.12,0.01,0.3,0
"174",0.2,48,0.01,0.26,0.54,0.33,0.28,0,0.9,0
"175",0.73,25,0.16,0.4,0.61,0.39,0.51,0.12,0.42,0.38
"176",0.17,34,0.13,0.56,0.49,0.53,0.09,0.03,0.07,0
"177",0.07,42,0.01,0.7,0.25,0.49,0.04,0,0.04,0
"178",0.83,34,0.58,0.43,0.78,0.31,0.9,0.27,0.5,0.61
"179",0.1,53,0.01,0.31,0.3,0.49,0.14,0.02,0.36,0
"180",0.25,40,0.19,0.6,0.22,0.81,0.08,0,0.17,0
"181",0.12,39,0.37,0.43,0.41,0.69,0.37,0.02,0.4,0
"182",0.25,35,0.02,0.23,0.43,0.27,0.28,0,0.64,0
"183",0.3,48,0.33,0.4,0.36,0.72,0.26,0,0.58,0
"184",0.02,34,0.03,0.56,0.34,0.26,0.03,0.01,0.04,0
"185",0.19,9,0.08,0.65,0.45,0.77,0.17,0.01,0.09,0
"186",0.36,37,0.66,0.63,0.56,0.75,0.48,0.08,0.3,0
"187",0.12,12,0.07,0.73,0.36,0.56,0.13,0,0.12,0
"188",0.01,18,0.01,0.7,0.35,0.33,0.03,0,0.08,0
"189",0.06,42,0.11,0.52,0.32,0.4,0.08,0,0.06,0
"190",0.1,39,0.01,0.7,0.33,0.57,0.06,0,0.09,0
"191",0.1,34,0.12,0.65,0.6,0.69,0.34,0,0.19,0.01
"192",0.21,25,0.04,0.7,0.55,0.63,0.18,0.04,0.14,0
"193",0.1,39,0.09,0.09,1,0.5,0.21,0.06,1,0
"194",0.07,48,0.03,0.88,0.17,0.63,0.07,0,0.04,0
"195",0.02,49,0,0.64,0.32,0.42,0.02,0,0.06,0
"196",0.03,25,0.01,0.69,0.42,0.6,0.07,0,0.04,0
"197",0.01,50,0.01,0.71,0.63,0.81,0.2,0,0.1,0
"198",0.41,13,1,0.4,0.53,0.56,0.74,0.14,0.6,0
"199",0.26,6,0.02,0.36,0.3,0.35,0.18,0.18,0.37,0.65
"200",0.42,37,0.58,0.48,0.4,0.63,0.55,0.01,0.49,0
"201",0.18,12,0.28,0.78,0.45,0.67,0.31,0,0.16,0
"202",0.13,34,0.03,0.58,0.57,0.51,0.01,0,0.06,0.02
"203",0.29,18,0,0.43,0.36,0.28,0.17,0,0.3,0
"204",0.68,6,0.05,0.44,0.59,0.39,0.33,0,0.24,0
"205",0.05,42,0,0.7,0.3,0.86,0.18,0,0.14,0
"206",0.16,41,0.02,0.46,0.61,0.59,0.15,0.27,0.45,0.19
"207",0.26,6,0.03,0.62,0.48,0.45,0.11,0,0.12,0.04
"208",0.19,39,0.03,0.48,0.24,0.75,0.08,0.01,0.23,0
"209",0.03,25,0.01,0.57,0.48,0.53,0.1,0,0.1,0
"210",0.15,45,0.24,0.34,1,0.53,0.14,0,0.76,0
"211",0.29,24,0.62,0.71,0.58,0.9,0.6,0.01,0.16,0.02
"212",0.01,54,0.01,0.42,0.19,0.54,0.03,0,0.13,0
"213",0.66,12,0.25,0.66,0.62,0.67,0.51,0,0.27,0
"214",0.05,34,0.06,0.53,0.55,0.54,0.11,0,0.08,0
"215",0.27,48,0.05,0.64,0.21,0.44,0.09,0,0.18,0
"216",0.49,6,0.01,0.44,0.35,0.32,0.23,0.09,0.33,0.1
"217",0.08,48,0.11,0.81,0.29,0.74,0.09,0,0.23,0
"218",0.04,49,0,0.5,0.26,0.34,0.04,0,0.19,0
"219",0.16,51,0.71,0.35,0.39,0.68,0.53,0.04,0.5,0
"220",0.06,23,0.01,0.6,0.48,0.75,0.11,0,0.18,0
"221",0.04,55,0,0.58,0.54,0.85,0.13,0.01,0.28,0
"222",0.31,36,0.41,0.56,0.51,0.43,0.59,0.03,0.3,0
"223",0.36,42,0.24,0.45,0.71,0.35,0.97,0.2,0.55,0
"224",0.05,39,0,0.42,0.27,0.61,0.04,0,0.11,0
"225",0.16,55,0.01,0.51,0.37,0.64,0.13,0,0.24,0
"226",0.1,1,0.46,0.31,0.29,0.54,0.5,0,0.55,0
"227",0.74,48,0.43,0.24,0.32,0.53,0.4,0,0.68,0
"228",0.19,44,0.07,0.53,0.48,0.71,0.29,0,0.27,0
"229",0.63,45,0.81,0.28,0.63,0.74,0.87,0,0.67,0
"230",0.42,13,0.76,0.5,0.61,0.53,0.73,0.01,0.47,0
"231",0.04,19,0.09,0.29,0.39,0.66,0.16,0,0.33,0
"232",0.06,42,0.02,0.34,0.34,0.43,0.09,0,0.19,0
"233",0.2,53,0,0.38,0.34,0.6,0.13,0.03,0.5,0.01
"234",0.88,9,0.7,0.39,0.9,0.29,1,0.79,0.56,0.04
"235",0.12,25,0.01,0.65,0.43,0.66,0.07,0,0.07,0
"236",0.11,48,0.35,0.46,0.32,0.62,0.26,0,0.43,0
"237",0.27,6,0.37,0.79,0.29,0.41,0.14,0,0.25,0
"238",0.02,55,0.03,0.67,0.34,0.61,0.09,0,0.08,0
"239",0.37,25,0.02,0.52,0.51,0.53,0.19,0.02,0.2,0
"240",0.18,53,0.03,0.6,0.42,0.53,0.24,0,0.28,0.01
"241",0.04,25,0.02,0.61,0.36,0.47,0.08,0,0.06,0
"242",0.12,42,0.03,0.47,0.48,0.65,0.31,0,0.38,0
"243",0.32,6,0.03,0.44,0.36,0.3,0.3,0.04,0.46,0.02
"244",0.54,6,0.02,0.43,0.72,0.06,0.75,0.17,0.6,0.35
"245",0.18,39,0.27,0.4,0.31,0.43,0.21,0.01,0.4,0
"246",0.25,6,0.01,0.5,0.38,0.51,0.12,0.03,0.19,0
"247",0.7,6,0.12,0.56,0.47,0.47,0.42,0,0.24,0
"248",0.22,12,0.01,0.09,0.2,0.59,0.14,0,0.38,0.02
"249",1,45,0.89,0.39,0.55,0.63,0.91,0.07,0.58,0.01
"250",0.03,55,0.01,0.46,0.72,0.6,0.2,0.01,0.56,0
"251",0.74,37,0.62,0.68,0.49,0.63,0.55,0.31,0.28,0.24
"252",0.63,12,0.39,0.3,0.31,0.62,0.39,0.08,0.36,0.07
"253",0.05,18,0.01,0.71,0.24,0.44,0.02,0,0.03,0
"254",0.09,34,0.23,0.59,0.58,0.74,0.34,0.01,0.14,0.09
"255",0.04,42,0.01,0.59,0.26,0.29,0.04,0,0.05,0
"256",0.93,45,0.67,0.71,0.69,0.41,0.7,0.02,0.58,0.02
"257",0.19,29,0.16,0.24,0.25,0.57,0.3,0.02,0.71,0
"258",0.06,42,0.03,0.68,0.31,0.43,0.08,0.03,0.12,0
"259",0.03,54,0.07,0.13,0.31,0.54,0.17,0.01,0.45,0
"260",0.1,48,0.05,0.25,0.34,0.14,0.17,0,0.71,0
"261",0.53,18,0.03,0.48,0.33,0.66,0.17,0,0.26,0
"262",0.59,12,0.44,0.22,0.27,0.61,0.38,0.02,0.35,0.01
"263",0.67,51,1,0.43,0.72,0.57,1,0.17,0.55,0.01
"264",0.01,9,0.08,0.54,0.54,0.64,0.03,0,0.04,0
"265",0.05,44,0.01,0.6,0.33,0.64,0.1,0,0.11,0
"266",0.14,47,0.16,0.42,0.24,0.58,0.11,0,0.24,0
"267",0.35,1,0.83,0.49,0.45,0.64,0.64,0.06,0.48,0.01
"268",0.17,29,0.12,0.52,0.35,0.84,0.21,0,0.21,0
"269",0.05,29,0.03,0.39,0.98,1,0.12,0,0.72,0
"270",0.69,25,0.02,0.45,0.47,0.54,0.24,0.01,0.31,0
"271",0.11,25,0.08,0.61,0.49,0.6,0.1,0,0.11,0
"272",0.24,47,0.09,0.25,0.22,0.25,0.14,0.02,0.48,0
"273",0.35,12,0.18,0.62,0.52,0.8,0.26,0.01,0.33,0
"274",0.27,18,0.44,0.37,0.5,0.69,0.52,0,0.43,0
"275",0.13,25,0.02,0.67,0.43,0.71,0.1,0,0.09,0
"276",0.36,6,0.34,0.56,0.45,0.45,0.41,0.08,0.28,0.08
"277",0.34,1,0.78,0.35,0.39,0.51,0.62,0,0.59,0
"278",0.08,9,0.15,0.51,0.4,0.64,0.18,0,0.08,0.01
"279",0.05,9,0.01,0.56,0.39,0.48,0.15,0,0.17,0
"280",0.03,38,0,0.66,0.39,0.88,0.11,0.03,0.25,0
"281",0.03,48,0.03,0.37,0.72,0.32,0.08,0,0.59,0
"282",0.12,25,0.02,0.2,0.24,0.59,0.19,0,0.27,0
"283",0.06,42,0.01,0.38,0.46,0.55,0.06,0,0.28,0
"284",0.32,8,0.02,0.58,0.44,0.74,0.18,0,0.28,0
"285",0.19,34,0.11,0.47,0.48,0.32,0.32,0,0.21,0
"286",0.14,48,0.61,0.38,0.25,0.59,0.23,0,0.4,0
"287",0.51,34,0.38,0.48,0.6,0.51,0.52,0,0.38,0
"288",0.01,33,0,0.7,0.29,0.74,0.01,0,0.04,0
"289",0.59,48,0.39,0.45,0.29,0.58,0.22,0,0.44,0
"290",0.09,25,0,0.53,0.38,0.81,0.08,0,0.1,0
"291",0.1,34,0.02,0.31,0.24,0.57,0.19,0,0.22,0
"292",0.09,51,0.3,0.18,1,0.63,0.53,0,0.51,0
"293",0.03,42,0.01,0.59,0.5,0.67,0.03,0,0.03,0
"294",0.28,42,0.1,0.44,0.52,0.5,0.49,0.06,0.33,0.03
"295",0.1,39,0.08,0.33,0.33,0.16,0.09,0,0.27,0
"296",0.12,34,0.06,0.63,0.42,0.44,0.13,0,0.07,0
"297",0.67,6,0.27,0.53,0.69,0.22,0.6,0.23,0.44,0.15
"298",0.02,34,0.02,0.65,0.38,0.34,0,0,0,0
"299",0.29,6,0,0.5,0.44,0.51,0.18,0,0.34,0
"300",0.36,53,0.04,0.36,0.44,0.35,0.3,0.11,0.45,0.05
"301",0.11,39,0.09,0.53,0.51,0.68,0.17,0,0.25,0
"302",0.03,1,0.09,0.47,0.18,0.77,0.13,0,0.37,0
"303",0.35,1,0.44,0.44,0.38,0.56,0.45,0,0.45,0
"304",0.25,13,0.21,0.56,0.41,0.68,0.16,0.03,0.39,0
"305",0.06,40,0.04,0.55,0.34,0.64,0.09,0,0.22,0
"306",0.45,6,0.03,0.48,0.48,0.17,0.08,0,0.16,0.01
"307",0.23,48,0.23,0.45,0.35,0.2,0.22,0.01,0.42,0.05
"308",0.32,39,0.21,0.22,0.35,0.4,0.32,0,0.69,0
"309",0.04,34,0.12,0.74,0.33,0.54,0.05,0,0.04,0
"310",0.02,25,0.02,0.54,0.53,0.38,0.03,0,0.08,0
"311",0.16,29,0,0.63,0.31,0.67,0.06,0,0.13,0
"312",0.12,34,0.12,0.65,0.4,0.49,0.19,0.04,0.07,0
"313",0.2,34,0.09,0.43,0.53,0.41,0.2,0,0.22,0.01
"314",0.51,39,0.35,0.25,0.44,0.27,0.42,0.02,0.58,0
"315",0.18,34,0.1,0.7,0.47,0.59,0.17,0.01,0.08,0
"316",0.3,36,0.3,0.27,0.48,0.4,0.5,0.1,0.49,0
"317",0.37,37,0.78,0.54,0.48,0.69,0.91,0.01,0.44,0
"318",0.31,6,0,0.36,0.5,0.51,0.46,0,0.56,0
"319",0.04,39,0.02,0.35,0.36,0.45,0.08,0,0.13,0
"320",0.18,6,0.02,0.38,0.36,0.44,0.2,0.06,0.35,0.01
"321",0.48,21,0.18,0.5,0.43,0.55,0.21,0,0.45,0
"322",0.09,40,0.08,0.26,0.15,0.35,0.09,0,0.49,0
"323",0.07,23,0.01,0.52,0.45,0.71,0.2,0,0.3,0
"324",0.27,48,0.59,0.59,0.23,0.39,0.32,0.01,0.38,0.01
"325",0.3,6,0.05,0.61,0.32,0.47,0.28,0.03,0.23,0.06
"326",0.34,4,0.01,0.3,0.48,0.1,0.42,0.01,0.83,0.02
"327",0.07,19,0.01,0.38,0.33,0.61,0.23,0,0.43,0
"328",0.17,47,0.05,0.71,0.25,0.66,0.07,0,0.1,0
"329",0.17,34,0.36,0.45,0.76,0.48,0.5,0,0.37,0
"330",0.34,6,0.02,0.45,0.56,0.3,0.29,0,0.4,0
"331",0.07,39,0.13,0.71,0.29,0.62,0.11,0,0.1,0
"332",0.35,48,0.05,0.68,0.28,0.66,0.11,0,0.19,0
"333",0.04,34,0.09,0.63,0.35,0.44,0.04,0,0.03,0
"334",1,34,1,0.37,0.81,0.54,1,0.35,0.66,0.05
"335",0.48,48,0.46,0.38,0.28,0.61,0.26,0,0.58,0
"336",0.03,42,0.04,0.54,0.46,0.42,0.06,0.06,0.07,0
"337",0.07,49,0.01,0.39,0.88,0.17,0.08,0.04,0.79,0.02
"338",0.05,39,0.03,0.7,0.35,0.59,0.06,0.01,0.06,0
"339",0.12,9,0.24,0.58,0.53,0.61,0.29,0.04,0.15,0
"340",0.04,48,0.02,0.6,0.27,0.4,0.14,0,0.17,0
"341",0.08,34,0.02,0.47,0.37,0.44,0.08,0.06,0.12,0
"342",0.1,39,0.11,0.39,0.23,0.55,0.15,0,0.12,0
"343",0,25,0.24,0.95,0.68,0.39,0.05,0,0.09,0
"344",0.04,36,0,0.54,0.37,0.67,0.14,0,0.15,0
"345",0.02,55,0,0.59,0.39,0.65,0.2,0,0.25,0
"346",0.18,55,0.01,0.56,0.46,0.59,0.23,0.09,0.35,0
"347",0.58,53,0.2,0.57,0.71,0.57,0.31,1,0.32,0.85
"348",0.08,8,0.01,0.52,0.56,0.6,0.22,0.06,0.51,0
"349",0.04,34,0.02,0.54,0.42,0.23,0.08,0,0.05,0
"350",0.09,53,0.04,0.24,1,0.5,0.16,0,0.93,0
"351",0.06,9,0.05,0.63,0.43,0.71,0.04,0,0.05,0
"352",0.08,39,0.07,0.47,0.49,0.51,0.17,0,0.33,0
"353",0.08,46,0,0.57,0.44,0.81,0.12,0.01,0.32,0
"354",0.1,39,0.04,0.63,0.3,0.64,0.12,0,0.09,0
"355",0.03,49,0,0.57,0.35,0.27,0.03,0,0.23,0
"356",0.28,36,0.16,0.33,0.75,0.67,0.37,0,0.48,0
"357",0.06,25,0.02,0.58,0.43,0.63,0.19,0.05,0.11,0
"358",0.04,34,0.02,0.53,0.4,0.38,0.04,0,0.09,0
"359",0.03,18,0.02,0.38,0.31,0.76,0.11,0,0.42,0.01
"360",0.07,40,0.01,0.73,0.22,0.73,0.01,0,0.09,0
"361",0.41,1,0.41,0.5,0.29,0.43,0.22,0,0.39,0
"362",0.22,29,0.49,0.5,0.37,0.72,0.28,0,0.16,0
"363",1,1,1,0.33,0.56,0.6,0.73,0.32,0.66,0.53
"364",0.1,41,0,0.56,0.36,0.53,0.09,0.01,0.27,0
"365",0.06,41,0.01,0.56,0.26,0.77,0.16,0,0.17,0
"366",0.45,18,0.41,0.44,0.47,0.65,0.49,0.14,0.37,0.01
"367",0.32,42,0.23,0.35,0.56,0.4,0.45,0.13,0.51,0
"368",0.14,48,0.01,0.23,0.35,0.21,0.12,0,0.9,0
"369",0.09,48,0.12,0.22,1,0.49,0.24,0,1,0
"370",0.07,29,0.08,0.59,0.33,0.6,0.1,0,0.07,0
"371",0.6,48,0.7,0.3,0.36,0.52,0.47,0,0.58,0.01
"372",0.18,13,0.31,0.81,0.6,0.72,0.23,0,0.16,0.02
"373",0.03,55,0.01,0.78,0.36,0.88,0.16,0,0.07,0
"374",0.04,33,0.01,0.79,0.36,0.77,0.11,0,0.06,0
"375",0.51,13,0.46,0.5,0.44,0.6,0.64,0.02,0.49,0
"376",0.83,6,0.01,0.53,0.29,0.29,0.08,0,0.06,0
"377",0.02,9,0.02,0.68,0.34,0.58,0.05,0,0.05,0
"378",0.08,49,0.01,0.42,0.27,0.61,0.16,0,0.31,0
"379",0.26,34,0.77,0.6,0.52,0.49,0.61,0.01,0.21,0
"380",0.23,45,0.3,0.59,0.33,0.57,0.45,0,0.24,0
"381",0.49,42,0.19,0.39,0.56,0.42,0.72,0.1,0.51,0
"382",0.03,47,0.22,0.67,0.28,0.34,0.24,0,0.16,0
"383",0.04,34,0.06,0.64,0.38,0.57,0.08,0,0.05,0
"384",0.15,8,0.01,0.41,0.86,0.93,0.18,0.04,0.49,0
"385",0.54,34,0.39,0.45,0.62,0.43,0.73,0.04,0.42,0.1
"386",0.31,48,0.46,0.34,0.6,0.88,0.45,0,0.45,0
"387",0.39,6,0.19,0.38,0.86,0.48,0.31,0,0.18,0
"388",0.43,48,0.25,0.36,0.31,0.49,0.23,0,0.36,0
"389",0.5,6,0.27,0.63,0.32,0.39,0.26,0,0.21,0
"390",0.03,39,0.02,0.62,0.29,0.58,0.1,0,0.08,0
"391",0.08,6,0,0.38,0.34,0.22,0.05,0,0.09,0
"392",0.04,53,0.09,0.61,0.19,0.34,0.07,0,0.21,0
"393",0.22,37,0.52,0.6,0.24,0.44,0.25,0.01,0.31,0
"394",0.58,48,0.26,0.49,0.4,0.42,0.23,0.01,0.49,0
"395",0.01,48,0.01,0.7,0.18,0.26,0.03,0,0.02,0
"396",0.1,16,0,0.46,0.28,0.68,0.08,0,0.29,0
"397",0.39,48,0,0.19,0.53,0.09,0.35,0.02,1,0.01
"398",0.09,42,0.13,0.6,0.52,0.59,0.22,0,0.13,0
"399",0.18,51,0.42,0.49,0.67,0.67,0.54,0.01,0.32,0.14
"400",0.8,12,0.28,0,0.21,0.24,0.33,0,0.42,0
"401",1,39,0.35,0.28,0.49,0.41,0.38,0.02,0.47,0
"402",0.4,55,0.59,0.42,0.69,0.45,0.98,0.3,0.59,0.12
"403",0.05,22,0.41,0.34,0.41,0.47,0.24,0,0.55,0
"404",0.21,48,0.2,0.34,0.39,0.11,0.24,0,0.51,0
"405",0.68,6,0.05,0.35,0.35,0.34,0.24,0.01,0.51,0
"406",0.32,4,0.09,0.35,0.47,0.19,0.44,0,0.75,0.08
"407",0.2,27,0.02,0.58,0.42,0.66,0.28,0,0.22,0
"408",0.62,8,0.06,0.41,0.39,0.4,0.37,0.02,0.62,0
"409",0.53,37,0.97,0.52,0.44,0.62,0.79,0.01,0.48,0
"410",0.25,6,0.24,0.51,0.51,0.49,0.4,0.06,0.16,0.04
"411",1,12,0.83,0.2,0.47,0.58,0.91,0.17,0.78,0.06
"412",0.2,36,0.22,0.51,0.57,0.63,0.53,0.07,0.36,0
"413",0.21,37,0.3,0.38,0.47,0.73,0.28,0,0.27,0
"414",1,24,1,0.35,0.74,0.48,1,0.67,0.58,0.89
"415",0.1,34,0.14,0.68,0.57,0.59,0.2,0,0.1,0
"416",0.14,12,0.02,0.21,0.08,0.55,0.14,0,0.17,0
"417",0.01,18,0,0.52,0.25,0.71,0.08,0,0.19,0
"418",0.13,34,0.03,0.49,0.57,0.41,0.24,0,0.22,0
"419",0.22,25,0.01,0.56,0.23,0.42,0.05,0,0.11,0
"420",0.1,48,0.08,0.28,0.19,0.28,0.16,0,0.39,0
"421",1,1,0.86,0.22,0.36,0.49,0.55,0.01,0.65,0.02
"422",0.69,25,0.06,0.47,0.6,0.27,0.23,0,0.24,0
"423",0.06,34,0,0.48,0.42,0.36,0.09,0,0.08,0
"424",0.66,21,0.15,0.39,0.48,0.51,0.51,0.03,0.52,0
"425",0.03,42,0.02,0.55,0.23,0.65,0.12,0,0.05,0
"426",0.16,48,0.09,0.56,0.29,0.58,0.21,0,0.33,0
"427",0,42,0.01,0.71,0.24,0.38,0.05,0,0.05,0
"428",0.76,45,0.67,0.34,0.5,0.74,0.64,0.01,0.52,0.01
"429",0.71,48,0.02,0.39,0.28,0.61,0.07,0.01,0.39,0.03
"430",0.42,6,0.15,0.48,0.33,0.46,0.28,0.03,0.26,1
"431",0.03,44,0.01,0.5,0.36,0.6,0.09,0.01,0.16,0
"432",0.53,6,0.3,0.42,0.56,0.36,0.45,0.75,0.45,0.61
"433",0.06,55,0.13,0.7,0.38,0.74,0.04,0,0.11,0
"434",0.18,28,0.88,0.28,0.45,0.57,0.74,0.02,0.74,0.06
"435",0.04,23,0,0.6,0.37,0.81,0.17,0,0.09,0
"436",0.1,34,0.03,0.65,0.45,0.32,0.1,0,0.09,0
"437",0.06,36,0.15,0.37,0.55,0.47,0.22,0,0.31,0
"438",0.04,9,0.05,0.69,0.45,0.83,0.12,0,0.06,0
"439",0.16,6,0.09,0.62,0.5,0.72,0.2,0.13,0.14,0.28
"440",0.24,8,0.02,0.3,0.42,0.46,0.13,0.03,0.57,0.07
"441",0.2,12,0.04,0.61,0.33,0.58,0.16,0,0.1,0
"442",0.35,47,0.4,0.45,0.31,0.66,0.55,0,0.37,0
"443",0.04,5,0,0.36,0.17,0.64,0.05,0,0.5,0
"444",0.05,39,0.01,0.62,0.29,0.76,0.05,0,0.09,0
"445",0.72,48,0.57,0.4,0.53,0.57,0.58,0.06,0.64,0.08
"446",0.06,47,0.13,0.42,0.23,0.49,0.13,0,0.37,0
"447",0.62,1,0.48,0.38,0.36,0.5,0.2,0,0.44,0
"448",1,34,1,0.54,0.75,0.69,1,0,0.32,0.06
"449",0.03,34,0.04,0.56,0.35,0.06,0.11,0,0.04,0
"450",0.05,39,0.02,0.59,0.3,0.58,0.1,0,0.08,0
"451",0.63,47,1,0.38,0.42,0.7,0.78,0,0.71,0
"452",0.05,55,0,0.4,0.36,0.68,0.11,0,0.27,0
"453",0.2,37,0.35,0.44,0.28,0.67,0.28,0,0.3,0
"454",0.07,18,0.18,0.37,0.37,0.51,0.28,0.01,0.54,0
"455",0.64,48,0.45,0.27,0.62,0.54,0.38,0.03,0.76,0.01
"456",0.1,49,0,0.47,0.25,0.29,0.05,0,0.34,0
"457",0.11,29,0.06,0.54,0.21,0.77,0.1,0,0.11,0
"458",1,12,0.45,0.46,0.53,0.29,1,0.02,0.8,0.01
"459",0.07,51,0.16,0.48,0.33,0.63,0.15,0,0.23,0
"460",0.02,33,0.01,0.83,0.29,0.67,0.1,0,0.04,0
"461",0.55,13,0.89,0.27,0.44,0.43,0.84,0,0.63,0
"462",0.04,39,0.02,0.66,0.28,0.56,0.03,0,0.08,0
"463",1,6,0.02,0.32,0.66,0.08,0.5,0,0.46,0
"464",0.37,25,0.04,0.55,0.42,0.55,0.17,0,0.14,0.01
"465",0.33,53,0.04,0.35,0.44,0.44,0.24,0.15,0.46,0.13
"466",0.09,8,0.03,0.11,0.23,0.64,0.06,0,0.5,0
"467",0.28,34,0.36,0.58,0.75,0.65,0.11,0,0.07,0
"468",0.12,6,0.02,0.46,0.36,0.39,0.08,0,0.13,0
"469",0.15,39,0.29,0.39,0.39,0.58,0.19,0,0.14,0
"470",0.03,34,0.02,0.53,0.42,0.5,0.14,0,0.1,0
"471",0.22,53,0.03,0.48,0.45,0.3,0.3,0.13,0.31,0.02
"472",0.05,49,0,0.74,0.31,0.44,0.03,0,0.1,0
"473",0.78,13,0.58,0.33,0.44,0.65,0.51,0.01,0.49,0
"474",0.46,37,0.33,0.61,0.46,0.74,0.39,0.02,0.29,0
"475",0.34,13,0.9,0.28,0.39,0.62,0.74,0,0.67,0
"476",0.22,53,0.01,0.24,0.38,0.08,0.29,0.01,0.48,0
"477",0.14,55,0.31,0.47,0.43,0.6,0.58,0.01,0.46,0
"478",0.37,6,0.01,0.36,0.58,0.22,0.23,0,0.43,0
"479",0.06,55,0,0.57,0.37,0.78,0.1,0,0.2,0
"480",0.24,47,0.33,0.42,0.32,0.68,0.41,0,0.52,0
"481",0.4,12,0.01,0.31,0.17,0.53,0.03,0,0.26,0
"482",0.22,6,0.03,0.69,0.25,0.4,0.09,0,0.12,0
"483",0.69,21,0.41,0.21,0.29,0.34,0.39,0.01,0.63,0
"484",0.11,48,0.09,0.88,0.39,0.64,0.15,0,0.13,0
"485",0.02,36,0.06,0.61,0.36,0.47,0.06,0.01,0.08,0
"486",0.25,48,0.24,0.62,0.73,0.64,0.36,0.28,0.47,0.14
"487",0.1,53,0.03,0.56,0.28,0.43,0.13,0,0.19,0.01
"488",0.05,39,0.08,0.47,0.51,0.41,0.16,0,0.4,0
"489",0.16,47,0.18,0.31,0.34,0.41,0.25,0.01,0.53,0
"490",0.04,34,0.01,0.52,0.33,0.53,0.1,0,0.15,0
"491",0.01,34,0.02,0.7,0.38,0.5,0.05,0,0.02,0
"492",0.29,28,1,0.22,0.52,0.62,1,0,0.89,0
"493",0.1,25,0.02,0.73,0.33,0.48,0.04,0,0.02,0
"494",0.05,34,0.02,0.6,0.42,0.37,0.04,0,0.04,0
"495",0.36,53,0.11,0.36,0.49,0.31,0.6,0.04,0.88,0.03
"496",0.22,35,0.04,0,0.3,0.11,0.36,0,0.91,0
"497",0.17,9,0.3,0.69,0.52,0.56,0.38,0.07,0.12,0.02
"498",0.15,39,0.21,0.38,0.28,0.35,0.3,0.01,0.4,0
"499",0.14,25,0,0.61,0.37,0.73,0.12,0,0.09,0
"500",1,6,0.31,0.34,0.54,0.18,0.64,0.48,0.6,0.31
"501",0.1,25,0.02,0.69,0.59,0.56,0.12,0,0.12,0
"502",0.24,5,0.15,0.53,0.44,0.61,0.13,0,0.43,0
"503",0.12,34,0.03,0.53,0.44,0.42,0.04,0,0.12,0
"504",0.04,55,0.01,0.65,0.96,0.89,0.2,0,0.38,0
"505",0.21,40,0.32,0.54,0.31,0.65,0.27,0.02,0.29,0
"506",0.7,47,0.31,0.36,0.59,0.44,0.39,0.21,0.55,0.3
"507",0.13,39,0.27,0.3,0.41,0.23,0.37,0.01,0.52,0.01
"508",0.13,41,0.02,0.75,0.4,0.56,0.13,0,0.16,0
"509",0.24,48,0.3,0.41,0.34,0.09,0.28,0,0.64,0
"510",0.04,23,0.01,0.51,0.45,0.62,0.08,0,0.33,0
"511",0.14,40,0.03,0.73,0.24,0.65,0.06,0,0.2,0
"512",0.22,55,0.12,0.46,0.46,0.57,0.33,0.04,0.33,0
"513",0.17,39,0.15,0.24,0.3,0.39,0.21,0,0.52,0
"514",0.22,6,0.03,0.51,0.42,0.57,0.17,0.13,0.21,0.08
"515",0.21,40,0.06,0.4,0.17,0.47,0.12,0,0.28,0
"516",0.03,42,0.08,0.73,0.41,0.26,0.03,0,0.02,0
"517",0.2,34,0.07,0.56,0.51,0.4,0.2,0,0.12,0
"518",0.09,5,0.09,0.43,0.47,0.54,0.11,0,0.38,0
"519",0.11,8,0.02,0.46,0.34,0.78,0.16,0.02,0.34,0
"520",0,19,0,0.6,0.23,0.84,0.07,0,0.25,0
"521",0.13,12,0.1,0.48,0.25,0.71,0.15,0,0.12,0
"522",0.17,25,0.04,0.59,0.4,0.64,0.19,0.01,0.18,0
"523",0.46,39,0.44,0.58,0.66,0.52,0.59,0.34,0.45,0.01
"524",0.24,5,0.59,0.46,0.29,0.73,0.32,0,0.5,0
"525",0.08,36,0.13,0.27,0.56,0.63,0.34,0,0.36,0
"526",0.66,35,0.06,0.55,0.47,0.57,0.3,0.15,0.36,0.26
"527",0.25,13,1,0.27,0.61,0.43,1,0,0.84,0
"528",0.07,36,0.01,0.31,0.4,0.29,0.16,0,0.43,0
"529",0.56,6,0.01,0.41,0.58,0.32,0.45,0.01,0.3,0
"530",0,44,0.01,0.55,0.36,0.82,0.11,0,0.18,0
"531",0.04,34,0.13,0.6,0.43,0.39,0.13,0,0.05,0
"532",0.15,8,0.01,0.57,0.24,0.67,0.09,0.02,0.2,0
"533",0.41,39,0.38,0.36,0.52,0.46,0.49,0.15,0.5,0.03
"534",0.2,6,0.03,0.68,0.4,0.53,0.14,0,0.11,0
"535",0.06,42,0,0.21,0.44,0.35,0.12,0,0.31,0
"536",0.2,45,0.18,0.64,0.42,0.46,0.09,0,0.19,0
"537",0.05,55,0,0.64,0.36,0.7,0.12,0,0.1,0
"538",0.18,34,0.41,0.62,0.45,0.69,0.52,0.03,0.12,0
"539",0.07,34,0.01,0.49,0.44,0.4,0.08,0,0.09,0
"540",0.91,37,0.85,0.38,0.42,0.47,0.67,0,0.62,0
"541",0.15,42,0.13,0.66,0.45,0.44,0.2,0,0.13,0
"542",0.13,6,0.04,0.71,0.45,0.61,0.14,0,0.1,0
"543",0.03,42,0.06,0.51,0.3,0.7,0.14,0,0.15,0
"544",0.05,25,0.02,0.6,0.5,0.65,0.06,0,0.05,0
"545",0.36,34,0.1,0.47,0.6,0.29,0.65,0.11,0.48,0.06
"546",0.86,6,0.04,0.42,0.51,0.33,0.44,0,0.27,0
"547",0.11,34,0.08,0.5,0.48,0.29,0.1,0,0.17,0
"548",0.18,18,0.1,0.49,0.32,0.39,0.1,0,0.08,0
"549",0.06,19,0.03,0.75,0.34,0.66,0.03,0,0.07,0
"550",0.28,36,0.01,0.39,0.5,0.54,0.34,0,0.34,0
"551",0.01,19,0.02,0.85,0.28,0.78,0.04,0,0.06,0
"552",0.05,41,0.01,0.42,0.46,0.52,0.07,0,0.41,0
"553",0.52,6,0.51,0.57,0.53,0.6,0.31,0,0.17,0
"554",0.21,9,0.35,0.63,0.54,0.51,0.52,0.08,0.15,0.04
"555",0.04,34,0.13,0.76,0.39,0.48,0.15,0.01,0.06,0
"556",0.55,37,1,0.28,0.56,0.75,0.65,0.01,0.67,0
"557",0.01,23,0,0.51,0.31,0.62,0.19,0.01,0.27,0
"558",0.36,20,0.22,0.59,0.39,0.58,0.3,0.12,0.32,0
"559",0.36,6,0.06,0.71,0.61,0.32,0.11,0,0.16,0.02
"560",0.07,6,0.03,0.75,0.48,0.65,0.1,0,0.11,0
"561",0.85,34,1,0.42,0.78,0.59,1,0.02,0.62,0
"562",0.08,18,0.01,0.63,0.21,0.71,0.05,0,0.11,0
"563",0.12,34,0.11,0.53,0.43,0.45,0.09,0.01,0.1,0
"564",0.25,1,0.33,0.33,0.37,0.47,0.31,0.02,0.49,0
"565",1,6,0.27,0.5,0.73,0.31,0.76,1,0.5,1
"566",0.04,38,0.02,0.52,0.44,0.65,0.15,0.02,0.37,0
"567",0.36,47,0.14,0.44,0.34,0.55,0.25,0,0.46,0
"568",0.41,6,0.07,0.59,0.38,0.52,0.15,0,0.12,0
"569",0.33,48,0.09,0.45,0.39,0.38,0.22,0.06,0.53,0.03
"570",0.33,48,0.19,0.35,0.23,0.64,0.1,0.01,0.4,0
"571",0.19,6,0.11,0.76,0.41,0.55,0.09,0,0.08,0
"572",0.14,12,0.02,0.58,0.32,0.74,0.05,0,0.11,0
"573",0.07,44,0.05,0.42,0.46,0.47,0.17,0.05,0.16,0
"574",0.15,36,0.13,0.21,1,0.46,0.28,0.01,1,0
"575",0.08,42,0.03,0.52,0.35,0.7,0.13,0,0.12,0
"576",0.1,39,0.32,0.47,0.58,0.71,0.18,0,0.06,0
"577",0.04,42,0.11,0.34,0.49,0.63,0.08,0,0.08,0
"578",0.04,25,0,0.65,0.43,0.61,0.04,0,0.04,0
"579",0.08,18,0.04,0.6,0.41,0.69,0.12,0.05,0.22,0.04
"580",0.14,9,0.16,0.51,0.44,0.65,0.42,0,0.19,0
"581",0.04,34,0.03,0.42,0.26,0.52,0.15,0,0.13,0
"582",0.16,34,0.04,0.45,0.45,0.43,0.01,0,0.06,0
"583",0.27,29,0.12,0.33,0.28,0.55,0.2,0,0.51,0
"584",0.13,36,0.03,0.35,0.38,0.57,0.31,0,0.45,0
"585",0.09,34,0.06,0.56,0.35,0.43,0.05,0,0.05,0
"586",0.09,9,0.02,0.61,0.38,0.6,0.12,0,0.11,0
"587",0.56,13,1,0.35,0.56,0.49,0.86,0.02,0.73,0
"588",0.52,48,0,0.07,0.49,0,0.29,0,1,0
"589",0.12,42,0.06,0.52,0.49,0.46,0.15,0,0.17,0.04
"590",0.12,56,0.02,0.44,0.89,0.6,0.25,0.01,0.56,0
"591",0.41,40,0.47,0.15,0.44,0.4,0.4,0.04,0.89,0
"592",0.87,42,0.99,0.42,0.78,0.52,1,0.11,0.72,0.01
"593",0.01,47,0.04,0.68,0.24,0.23,0.03,0,0.01,0
"594",0.06,34,0.03,0.7,0.4,0.55,0.09,0,0.06,0
"595",0.03,9,0.04,0.61,0.36,0.66,0.02,0,0.05,0
"596",0.11,39,0.19,0.28,0.39,0.4,0.32,0.01,0.38,0
"597",0.15,36,0.37,0.56,0.58,0.55,0.54,0.32,0.19,0.01
"598",0.24,25,0.04,0.54,0.47,0.62,0.31,0.03,0.22,0
"599",0.21,18,0.27,0.6,0.39,0.7,0.5,0.03,0.32,0.02
"600",0.03,1,0.66,0.28,0.8,0.51,0.68,0,0.81,0
"601",0.87,36,0.56,0.38,0.68,0.19,0.85,1,0.51,1
"602",0.39,6,0.2,0.59,0.53,0.39,0.56,0,0.32,0
"603",0.23,36,0.04,0.34,0.39,0.53,0.25,0,0.36,0
"604",0.1,6,0.06,0.64,0.6,0.53,0.07,0.01,0.11,0.03
"605",0.59,12,0.56,0.47,0.44,0.64,0.62,0.03,0.43,0.04
"606",0.24,21,0.02,0.77,0.31,0.7,0.09,0,0.13,0
"607",0.13,54,0.44,0.18,0.3,0.29,0.24,0.01,0.53,0
"608",0.11,18,0.01,0.46,0.31,0.39,0.14,0,0.2,0
"609",0.59,36,0.17,0.28,0.53,0.28,0.43,0.05,0.44,0
"610",0.01,42,0.03,0.69,0.27,0.39,0.03,0,0.03,0
"611",0.41,6,0.1,0.62,0.41,0.4,0.19,0.01,0.19,0.07
"612",0.13,42,0.13,0.3,0.59,0.4,0.45,0.04,0.56,0
"613",0.24,29,0.03,0.54,0.26,0.71,0.12,0,0.24,0
"614",0.1,25,0.05,0.53,0.62,0.43,0.24,0.05,0.3,0.01
"615",0.4,6,0.01,0.21,0.33,0.11,0.27,0.02,0.54,0.01
"616",0.82,36,0.02,0.5,0.5,0.73,0.15,0,0.28,0
"617",0.09,39,0.03,0.45,0.3,0.38,0.13,0,0.13,0
"618",0.18,46,0.02,0.59,0.42,0.69,0.21,0.09,0.35,0.01
"619",0.16,45,0.76,0.4,0.49,0.69,0.75,0,0.55,0
"620",0.13,6,0.04,0.53,0.3,0.11,0.06,0,0.07,0
"621",0.33,13,0.57,0.37,0.85,0.6,0.65,0,0.56,0.5
"622",0.06,55,0.01,0.46,0.66,0.61,0.17,0.01,0.5,0.01
"623",0.1,33,0.02,0.72,0.35,0.66,0.1,0,0.12,0
"624",0.04,25,0.02,0.59,0.48,0.59,0.12,0.03,0.16,0
"625",0.23,6,0.13,0.36,0.47,0.17,0.36,0.04,0.67,0
"626",0.08,56,0.06,0.56,0.31,0.65,0.15,0.03,0.26,0
"627",0.1,34,0,0.34,0.28,0.48,0.1,0,0.19,0
"628",0.01,23,0.04,0.58,0.48,0.57,0.09,0.01,0.19,0
"629",0.1,48,0.08,0.14,0.25,0.72,0.23,0,0.39,0
"630",0.17,55,0.1,0.4,0.31,0.62,0.05,0,0.1,0
"631",0.89,18,1,0.19,0.63,0.36,1,0.05,0.79,0.05
"632",0.85,34,0.96,0.37,0.77,0.61,1,0.21,0.47,0.02
"633",0.14,51,0.18,0.42,0.31,0.56,0.2,0,0.29,0
"634",0.32,28,1,0.23,0.49,0.52,0.62,0,0.6,0
"635",0.03,21,0.17,0.21,0.27,0.37,0.26,0,0.66,0
"636",0.09,41,0.01,0.68,0.32,0.67,0.07,0.01,0.11,0
"637",0.2,48,0,0.11,0.41,0.31,0.15,0,0.95,0
"638",0.54,25,0.25,0.48,0.59,0.47,0.55,0.15,0.35,0.02
"639",0.15,12,0.06,0.42,0.36,0.35,0.08,0,0.13,0
"640",0.18,46,0.01,0.7,0.4,0.91,0.14,0.06,0.22,0.04
"641",0.24,6,0,0.3,0.43,0.25,0.32,0,0.6,0
"642",0.94,9,0.76,0.33,0.95,0.19,1,0.41,0.73,0.06
"643",0.65,1,0.13,0.44,0.25,0.38,0.07,0,0.18,0
"644",0.06,49,0,0.56,0.33,0.29,0.03,0,0.12,0
"645",0.05,25,0.06,0.71,0.28,0.54,0.02,0,0.09,0
"646",0.26,12,0.03,0.69,0.31,0.59,0.1,0,0.19,0
"647",0.12,48,0,0.08,0.48,0.2,0.28,0,1,0
"648",0.03,34,0.01,0.58,0.34,0.47,0.02,0,0.05,0
"649",0.41,6,0.04,0.58,0.55,0.39,0.35,0.02,0.35,0
"650",0.01,1,0.12,0.51,0.23,0.65,0.1,0,0.27,0
"651",0.15,51,0.12,0.13,1,0.6,0.1,0,0.86,0
"652",0.15,6,0.02,0.74,0.45,0.55,0.1,0,0.08,0
"653",0.04,9,0.04,0.85,0.31,0.77,0.04,0,0.02,0
"654",0.03,42,0.01,0.62,0.24,0.59,0.06,0,0.07,0
"655",0.06,50,0.01,0.45,0.44,0.49,0.16,0.02,0.31,0
"656",0.09,25,0.03,0.58,0.57,0.63,0.1,0,0.09,0
"657",0.28,47,0.18,0.28,0.3,0.49,0.13,0,0.62,0
"658",0.07,6,0.01,0.52,0.29,0.25,0.01,0,0.02,0
"659",0.16,6,0.02,0.46,0.39,0.28,0.07,0,0.13,0
"660",0.41,18,0,0.55,0.34,0.81,0.1,0,0.22,0
"661",0.22,48,0,0.19,0.47,0.26,0.23,0,0.99,0
"662",0.03,29,0.03,0.74,0.28,0.57,0.03,0,0.05,0
"663",0.35,37,0.54,0.66,0.71,0.64,0.49,0.13,0.3,0
"664",0.63,48,0.43,0.5,0.45,0.49,0.4,0.52,0.46,0.8
"665",0.09,41,0,0.26,0.29,0.64,0.23,0.05,0.47,0
"666",0.25,6,0.03,0.86,0.71,0.53,0.28,0,0.13,0.07
"667",0.22,1,0.26,0.41,0.21,0.65,0.21,0,0.17,0
"668",1,13,1,0.4,0.84,0.4,1,1,0.73,0.14
"669",0.36,6,0.02,0.34,0.68,0,1,0.11,0.7,0
"670",0.81,25,0.5,0.48,1,0.37,0.91,1,0.49,0.5
"671",0.27,6,0.05,0.37,0.38,0.36,0.19,0.01,0.49,0.09
"672",0.07,34,0.03,0.58,0.34,0.43,0.09,0,0.07,0
"673",0.04,49,0.01,0.79,0.31,0.57,0.08,0,0.17,0
"674",0.61,44,0.08,0.38,0.62,0.41,0.65,0,0.59,0
"675",0.24,51,0.47,0.44,0.42,0.55,0.53,0.17,0.42,0.03
"676",0.95,39,0.74,0.05,0.54,0.12,0.68,0.07,0.77,0
"677",0.81,47,0.66,0.38,0.44,0.47,0.59,0.09,0.48,0
"678",0.12,27,0.03,0.75,0.66,0.82,0.3,0,0.17,0
"679",1,12,0.61,0.32,0.49,0.35,0.69,0.01,0.55,0
"680",0.05,55,0,0.77,0.29,0.65,0.05,0,0.03,0
"681",0.38,39,1,0.57,0.47,0.9,0.67,0,0.26,0
"682",0.37,6,0.06,0.5,0.46,0.36,0.27,0.01,0.33,0.17
"683",0.53,42,0.78,0.3,0.71,0.35,0.94,1,0.54,1
"684",0.23,12,0.27,0.57,0.26,0.71,0.11,0,0.14,0
"685",0.26,53,0.14,0.47,0.61,0.2,0.23,0.02,0.48,0.01
"686",0.04,34,0.09,0.61,0.46,0.41,0.06,0.01,0.03,0
"687",0.18,4,0.01,0.15,0.36,0.51,0.09,0.01,0.34,0
"688",0.62,6,0.02,0.43,0.77,0.13,0.86,0.05,0.64,0
"689",0.5,53,0.05,0.32,0.41,0.46,0.3,0.08,0.53,0.02
"690",0.14,6,0.02,0.74,0.44,0.49,0.04,0,0.07,0
"691",0.06,39,0.01,0.72,0.25,0.7,0.05,0,0.06,0
"692",0.54,51,0.92,0.41,0.45,0.49,0.64,0,0.47,0.04
"693",0.61,6,0.16,0.48,0.77,0.12,0.45,0,0.56,0.02
"694",0.35,13,1,0.16,0.62,0.32,0.99,0.05,0.89,0.05
"695",0.38,47,0.37,0.47,0.3,0.6,0.29,0,0.43,0
"696",0.72,48,0.57,0.58,0.59,0.49,0.59,0.7,0.47,0.67
"697",0.04,34,0.03,0.75,0.39,0.66,0.1,0.02,0.03,0
"698",0.09,39,0.08,0.36,0.28,0.46,0.24,0,0.44,0
"699",0.51,48,0.02,0.52,0.35,0.26,0.15,0,0.37,0.01
"700",0.54,6,0.01,0.38,0.76,0,0.74,0,0.69,0
"701",0.45,6,0.17,0.5,0.5,0.27,0.49,0.06,0.41,0.02
"702",0.1,41,0.01,0.46,0.32,0.46,0.23,0,0.38,0
"703",0.07,41,0.02,0.42,0.32,0.51,0.25,0,0.52,0
"704",0.01,23,0.01,0.63,0.48,0.79,0.06,0,0.09,0
"705",0.16,6,0.01,0.62,0.57,0.19,0.07,0.03,0.14,0
"706",0.29,51,0.24,0.7,0.41,0.72,0.3,0,0.16,0
"707",0.42,39,0.24,0.24,0.46,0.36,0.31,0.02,0.51,0
"708",0.18,40,0.15,0.15,0.32,0.5,0.17,0.01,0.53,0
"709",0.36,12,0.26,0.31,0.48,0.38,0.35,0.01,0.25,0.01
"710",0.1,42,0.1,0.61,0.46,0.63,0.13,0,0.07,0
"711",0.03,21,0.01,0.52,0.3,0.63,0.04,0,0.1,0
"712",0.62,39,0.34,0.31,0.44,0.44,0.41,0,0.55,0.02
"713",0.08,27,0.02,0.85,0.28,0.79,0.08,0,0.05,0
"714",0.12,48,0.1,0.49,0.44,0.73,0.13,0,0.47,0
"715",0.23,21,0.09,0.15,0.4,0.35,0.16,0,0.59,0
"716",0.18,9,0.81,0.56,0.43,0.91,0.35,0,0.1,0
"717",0.28,6,0.08,0.61,0.46,0.52,0.18,0.03,0.19,0
"718",0.09,29,0.05,0.76,0.25,0.72,0.05,0,0.11,0
"719",0.2,48,0.09,0.36,0.15,0.32,0.04,0,0.37,0
"720",0.09,34,0.1,0.65,0.4,0.47,0.09,0.01,0.07,0
"721",0.16,33,0.09,0.68,0.53,0.7,0.14,0.04,0.16,0
"722",0.06,41,0.01,0.66,0.28,0.43,0.06,0,0.08,0
"723",0.23,6,0.03,0.57,0.41,0.72,0.12,0,0.15,0
"724",0.82,6,0.16,0.62,0.7,0.32,0.54,0.02,0.34,0
"725",0.15,42,0.11,0.47,0.62,0.8,0.21,0.04,0.25,0
"726",0.02,42,0.06,0.38,0.8,0.32,0.04,0,0.13,0
"727",0.9,6,1,0.26,0.73,0.13,1,0.02,0.73,0.19
"728",0.34,13,1,0.34,0.52,0.54,0.85,0.08,0.65,0.11
"729",0.01,39,0.05,0.48,0.28,0.63,0.19,0,0.26,0
"730",0.21,6,0.07,0.52,0.47,0.47,0.29,0,0.2,0.01
"731",0.06,48,0.07,0.3,0.19,0.28,0.03,0,0.22,0
"732",0.59,12,0.4,0.51,0.48,0.76,0.23,0,0.29,0
"733",0.66,22,0.66,0.16,0.54,0.35,0.68,0,0.8,0
"734",0.2,39,0.02,0.45,0.42,0.52,0.24,0.04,0.34,0
"735",0.1,12,0.14,0.56,0.1,0.63,0.09,0,0.07,0
"736",0.4,37,0.59,0.32,0.48,0.61,0.62,0,0.78,0
"737",0.17,42,0.19,0.36,0.55,0.41,0.24,0,0.32,0
"738",0.04,33,0.01,0.25,1,0.56,0.3,0,0.51,0
"739",0.28,23,0.02,0.53,0.66,0.47,0.4,0.11,0.37,0
"740",0.13,48,0.08,0.82,0.29,0.44,0.08,0,0.07,0
"741",0.27,51,0.43,0.82,0.71,0.73,0.59,0.22,0.18,0
"742",0.23,25,0.01,0.57,0.42,0.57,0.21,0.01,0.15,0
"743",0.59,37,0.83,0.33,0.43,0.63,0.78,0.01,0.51,0
"744",0.12,28,0.47,0.58,0.32,0.67,0.35,0.01,0.33,0
"745",0.01,6,0.02,0.7,0.26,0.42,0.04,0,0.04,0
"746",0.23,24,0.38,0.81,0.83,0.73,0.19,0,0.24,0
"747",0.02,38,0,0.52,0.41,0.61,0.1,0,0.38,0
"748",0.17,44,0.02,0.54,0.38,0.63,0.1,0,0.11,0
"749",0.07,39,0.02,0.48,0.26,0.43,0.04,0,0.13,0
"750",0.05,50,0.01,0.69,0.49,0.7,0.11,0,0.08,0
"751",0.12,48,0.03,0.24,0.39,0,0.29,0,1,0
"752",0.1,6,0.22,0.45,0.61,0.62,0.53,0,0.1,0
"753",0.11,21,0.13,0.4,0.34,0.55,0.22,0.02,0.5,0
"754",0.1,55,0.01,0.38,0.96,0.58,0.14,0.01,0.57,0
"755",0.11,25,0.02,0.67,0.49,0.64,0.1,0,0.13,0
"756",0.16,53,0.02,0.55,0.34,0.37,0.21,0,0.36,0
"757",0.05,39,0.05,0.44,0.38,0.35,0.03,0,0.1,0
"758",0.24,37,0.33,0.72,1,0.54,0.66,0,0.79,0
"759",0.33,6,0.17,0.5,0.46,0.41,0.29,0,0.2,0
"760",0.19,19,0.03,0.66,0.25,0.62,0.12,0,0.11,0
"761",0.19,48,0.1,0.32,1,0.52,0.35,0.01,1,0
"762",0.21,41,0,0.62,0.42,0.71,0.15,0.06,0.34,0.01
"763",0.16,34,0.14,0.66,0.44,0.51,0.2,0,0.03,0
"764",0.19,6,0.03,0.52,0.4,0.43,0.28,0,0.33,0
"765",0.04,9,0.05,0.67,0.4,0.84,0.09,0.01,0.09,0
"766",0.05,34,0.09,0.72,0.35,0.48,0.18,0,0.06,0
"767",0.34,48,0.33,0.57,0.57,0.67,0.36,0.03,0.58,0
"768",0.23,12,0.16,0.03,0.19,0.7,0.19,0,0.36,0
"769",0.1,47,0.06,0.39,0.72,0.62,0.11,0,0.5,0
"770",0.24,6,0.02,0.24,0.48,0.35,0.45,0.07,0.71,0.02
"771",0.52,1,0.53,0.51,0.3,0.67,0.37,0.02,0.45,0
"772",0.03,34,0.03,0.8,0.32,0.6,0.02,0,0.03,0
"773",0.36,21,0.57,0.35,0.38,0.53,0.59,0.01,0.58,0
"774",0,36,0.01,0.28,0.64,0.21,0.2,0,0.5,0.03
"775",0.24,29,0.11,0.37,0.26,0.68,0.1,0,0.39,0
"776",0.3,47,0.11,0.49,0.33,0.71,0.17,0,0.25,0
"777",1,34,1,0.46,0.78,0.61,1,0.2,0.47,0.05
"778",0.43,36,0.17,0.4,0.61,0.54,0.45,0.18,0.39,0.02
"779",0.11,49,0.01,0.66,0.32,0.55,0.08,0,0.2,0.02
"780",0.41,47,0.1,0.34,0.26,0.65,0.16,0,0.55,0
"781",0.22,6,0.04,0.45,0.63,0.36,0.38,0.03,0.38,0
"782",0.7,47,0.78,0.41,0.46,0.67,0.7,0.01,0.55,0
"783",0.1,34,0.04,0.42,0.43,0.54,0.34,0.01,0.28,0
"784",0.61,5,1,0.27,0.44,0.57,0.69,0.02,0.74,0
"785",0.06,34,0.07,0.75,0.52,0.46,0.08,0,0.04,0
"786",0.12,37,0.34,0.76,0.32,0.97,0.08,0,0.11,0
"787",0.41,25,0.26,0.57,1,0.59,0.45,0.15,0.27,0.08
"788",0.04,44,0.01,0.51,0.38,0.52,0.1,0,0.17,0
"789",0.01,1,0.02,0.49,0.23,0.4,0.05,0,0.05,0
"790",0.04,34,0,0.48,0.38,0.46,0.02,0,0.03,0
"791",0.18,34,0.48,0.6,0.66,0.54,0.57,0.05,0.17,0
"792",0.47,13,0.83,0.39,0.47,0.69,0.69,0,0.56,0
"793",0.03,55,0,0.66,0.33,0.73,0.05,0,0.05,0
"794",0.21,12,0.12,0.61,0.36,0.51,0.1,0,0.08,0
"795",0.13,41,0,0.32,0.27,0.49,0.17,0.07,0.38,0.01
"796",0.25,12,0.15,0.55,0.28,0.57,0.12,0,0.22,0
"797",0.02,55,0,0.78,0.32,0.97,0.05,0,0.12,0
"798",0.08,41,0.01,0.3,0.27,0.49,0.09,0.01,0.46,0
"799",0.05,42,0,0.28,0.44,0.2,0.15,0,0.35,0
"800",0.05,2,0.02,0.79,0.43,0.81,0.22,0.01,0.13,0
"801",0.02,42,0.04,0.75,0.4,0.54,0.06,0,0.04,0
"802",0.27,34,0.66,0.51,0.49,0.66,0.39,0.03,0.19,0
"803",0.06,34,0.08,0.65,0.41,0.49,0.22,0,0.13,0
"804",0.5,22,0.51,0.08,0.34,0.13,0.26,0,0.88,0
"805",0.28,48,0.5,0.32,0.4,0.59,0.29,0,0.56,0
"806",0.12,53,0.06,0.45,0.31,0.59,0.16,0,0.2,0
"807",0.1,41,0.01,0.55,0.33,0.6,0.09,0.01,0.21,0
"808",0.09,29,0.2,0.46,0.47,0.82,0.17,0.02,0.25,0
"809",0.21,8,0.14,0.59,0.35,0.5,0.19,0.16,0.28,0.06
"810",0.02,16,0.01,0.11,1,0.3,0.02,0,1,0
"811",1,12,0.91,0.13,0.44,0.46,0.8,0,0.98,0.03
"812",0.24,6,0.05,0.63,0.48,0.45,0.22,0,0.2,0.02
"813",0.13,53,0.02,0.5,0.42,0.73,0.22,0.02,0.34,0.02
"814",0.1,54,0.08,0.22,0.28,0.25,0.09,0,0.24,0
"815",0.12,40,0.05,0.27,0.54,0.4,0.16,0.03,0.89,0
"816",0.06,34,0.11,0.66,0.43,0.47,0.06,0.06,0.08,0
"817",0.12,34,0.11,0.64,0.47,0.58,0.14,0,0.06,0
"818",0.06,25,0.01,0.59,0.37,0.55,0.17,0,0.13,0
"819",0.22,44,0,0.5,0.31,0.73,0.06,0,0.09,0
"820",0.15,13,0.62,0.23,1,0.77,0.65,0,0.88,0
"821",0.03,42,0.06,0.59,0.43,0.3,0.1,0,0.15,0
"822",0.3,28,0.79,0.28,0.79,0.38,0.75,0.01,0.96,0
"823",0.02,29,0.15,0.39,0.55,0.78,0.25,0,0.35,0
"824",0.05,48,0.1,0.77,0.3,0.48,0.08,0,0.12,0
"825",0.02,25,0.01,0.59,0.4,0.49,0.03,0,0.09,0
"826",0.02,25,0.05,0.44,0.48,0.39,0.03,0,0.07,0
"827",0.07,6,0.01,0.65,0.26,0.5,0.09,0,0.14,0
"828",0.26,12,0.01,0.22,0.3,0.49,0.06,0,0.13,0.01
"829",1,42,1,0.4,0.65,0.45,0.66,0,0.45,0
"830",0.35,6,0.02,0.41,0.39,0.37,0.22,0.05,0.34,0
"831",0.08,12,0.02,0.36,0.21,0.77,0.07,0,0.21,0
"832",0.03,9,0.03,0.63,0.39,0.83,0.07,0,0.03,0
"833",0.02,44,0,0.56,0.34,0.63,0.06,0,0.13,0
"834",0.03,42,0,0.52,0.3,0.5,0.03,0,0.06,0
"835",0.11,12,0.01,0.23,0.21,0.75,0.06,0,0.09,0
"836",0.29,6,0.18,0.56,0.26,0.51,0.23,0.01,0.33,0
"837",0.79,39,0.3,0.04,0.45,0.05,0.4,0.01,0.64,0
"838",0.13,6,0.01,0.62,0.42,0.43,0.09,0.01,0.17,0
"839",0.02,9,0.04,0.5,0.4,0.05,0.08,0.04,0.06,0.01
"840",0.01,42,0,0.77,0.22,0.67,0.06,0,0.06,0
"841",0.23,48,0.11,0.77,0.27,0.73,0.14,0,0.19,0.01
"842",1,6,0.42,0.37,0.55,0.34,0.6,0.01,0.5,0.11
"843",0.33,6,0.08,0.75,0.45,0.54,0.17,0.02,0.12,0
"844",0.58,18,0.18,0.37,0.45,0.27,0.33,0.08,0.35,0.06
"845",0.18,12,0.02,0.4,0.25,0.78,0.08,0.01,0.24,0.03
"846",0.5,6,0.06,0.5,0.49,0.49,0.4,0.04,0.41,0.2
"847",0.4,37,0.31,0.48,0.36,0.75,0.4,0.01,0.46,0
"848",0.34,35,0.02,0.51,0.28,0.38,0.29,0.01,0.4,0
"849",0.05,39,0.01,0.67,0.28,0.71,0.1,0,0.14,0
"850",0.04,6,0.01,0.55,0.25,0.49,0.01,0,0.02,0
"851",0.06,6,0.06,0.53,1,0.57,0.11,0,0.68,0
"852",0.04,9,0.02,0.77,0.39,0.72,0.06,0,0.07,0
"853",0.05,42,0.01,0.24,0.36,0.29,0.15,0,0.48,0
"854",0.01,39,0.01,0.59,0.26,0.47,0.04,0,0.04,0
"855",0.31,48,0.01,0.3,0.42,0.41,0.21,0.01,0.8,0.01
"856",0.62,24,0.86,0.35,0.55,0.69,1,0,0.58,0
"857",0.2,4,0.05,0.55,0.83,0.66,0.32,0.01,0.45,0
"858",0.6,37,0.91,0.41,0.49,0.64,0.83,0.02,0.62,0
"859",0.97,39,0.47,0.22,0.5,0.51,0.53,0.04,0.57,0
"860",0.28,48,0.02,0.23,0.34,0.16,0.14,0,0.76,0
"861",0.13,42,0.03,0.43,0.34,0.67,0.12,0,0.15,0
"862",0.07,4,0.02,0.03,0.45,0.09,0.41,0,1,0
"863",0.26,37,0.26,0.54,0.3,0.83,0.36,0.01,0.33,0
"864",0.07,18,0,0.5,0.31,0.48,0.05,0,0.12,0
"865",0.29,48,0,0.08,0.43,0.09,0.17,0,1,0.02
"866",0.04,5,0.03,0.42,0.21,0.63,0.12,0,0.49,0.01
"867",0.85,45,0.74,0.51,0.58,0.72,0.72,0.03,0.43,0
"868",0.76,12,0.32,0.35,0.44,0.68,0.4,0.05,0.34,0.02
"869",0.17,48,0.15,0.8,0.51,0.69,0.19,0,0.27,0
"870",0.65,12,0.42,0.37,0.96,0.52,0.65,0.02,0.7,0.02
"871",0.54,12,0.89,0.23,0.35,0.76,0.59,0,0.37,0
"872",0.36,6,0.12,0.37,0.37,0.28,0.44,0.01,0.57,0
"873",0.13,48,0.01,0.76,0.17,0.44,0.01,0,0.05,0
"874",0.18,48,0.04,0.85,0.18,0.41,0.02,0,0.01,0
"875",0.35,13,0.4,0.63,0.62,0.56,0.34,0.04,0.37,0.02
"876",0.06,48,0.08,0.68,0.3,0.5,0.06,0,0.1,0
"877",0.28,1,0.67,0.42,0.37,0.7,0.47,0,0.54,0
"878",0.28,37,0.24,0.4,1,0.55,0.26,0.01,0.42,0.01
"879",0.08,39,0.02,0.54,0.24,0.47,0.15,0,0.19,0
"880",0.14,21,0.11,0.29,0.85,0.68,0.18,0,0.52,0
"881",0.1,6,0,0.04,0.15,0.36,0.08,0,0.29,0
"882",0.06,45,0.2,0.78,0.25,0.75,0.13,0,0.09,0
"883",0.06,6,0.03,0.82,0.37,0.58,0.05,0,0.05,0
"884",0.48,40,0.37,0.28,0.27,0.42,0.35,0.04,0.6,0
"885",0.09,18,0.07,0.5,0.32,0.66,0.11,0.01,0.24,0
"886",0.19,6,0.02,0.51,0.49,0.39,0.28,0.04,0.19,0
"887",0.26,6,0.17,0.59,0.5,0.44,0.29,0,0.19,0
"888",0.02,42,0.01,0.37,0.31,0.4,0.04,0,0.16,0
"889",0.08,18,0.01,0.5,0.28,0.47,0.03,0,0.02,0
"890",0.22,6,0.02,0.57,0.28,0.57,0.14,0.08,0.17,0.03
"891",0.2,25,0.06,0.59,0.74,0.59,0.15,0.01,0.22,0
"892",0.03,42,0.05,0.71,0.35,0.55,0.1,0,0.06,0
"893",0.03,13,0.01,0.67,0.24,0.57,0.05,0,0.06,0
"894",0.02,46,0.01,0.49,1,0.67,0.14,0,0.61,0
"895",0.11,5,0.2,0.43,0.66,0.67,0.22,0,0.44,0
"896",0.08,1,0.15,0.83,0.29,0.36,0.16,0,0.1,0
"897",0.24,47,0.31,0.89,1,0.34,0.16,0,0.29,0
"898",0.22,9,0.1,0.48,0.44,0.5,0.27,0.01,0.31,0.02
"899",0.5,48,0.28,0.37,0.21,0.74,0.18,0,0.5,0
"900",0.26,24,0.12,0.46,0.39,0.43,0.41,0.03,0.41,0
"901",0.09,55,0.09,0.56,0.29,0.61,0.15,0,0.11,0
"902",0.02,18,0.03,0.48,0.32,0.57,0.06,0,0.08,0
"903",0.55,36,0.06,0.46,0.67,0.43,0.13,0,0.22,0
"904",0.18,44,0.02,0.61,0.73,0.73,0.1,0,0.34,0
"905",0.09,6,0.02,0.73,0.32,0.45,0.05,0,0.04,0
"906",0.09,33,0.02,0.81,0.34,0.69,0.08,0,0.09,0
"907",0.46,6,0.19,0.56,0.51,0.48,0.3,0.08,0.25,0.04
"908",0.04,34,0.17,0.7,0.59,0.73,0.18,0,0.14,0
"909",0.07,55,0,0.6,0.54,0.71,0.05,0,0.18,0
"910",1,29,0.58,0.52,0.51,0.67,0.6,0.35,0.4,0.22
"911",0.04,34,0.01,0.52,0.36,0.12,0.03,0,0.03,0
"912",0.04,21,0.01,0.73,0.27,0.69,0.18,0,0.14,0
"913",0.13,42,0.02,0.59,0.26,0.71,0.04,0,0.08,0
"914",0.16,36,0.15,0.47,0.57,0.34,0.24,0,0.21,0
"915",0.04,49,0.01,0.51,0.64,0.51,0.05,0,0.57,0
"916",0.12,8,0.02,0.89,0.23,0.56,0.02,0,0.11,0
"917",0.09,9,0.04,0.47,0.39,0.6,0.08,0,0.08,0
"918",0.53,1,1,0.08,1,0.86,1,0,0.97,0
"919",0.14,16,0.02,0.51,0.37,0.6,0.1,0.01,0.4,0
"920",0.1,4,0.01,0.55,0.37,0.45,0.08,0,0.14,0
"921",0.45,12,0.3,0.16,0.31,0.78,0.35,0.02,0.3,0
"922",0.03,34,0.03,0.6,0.38,0.29,0.02,0,0.02,0
"923",0.28,25,0.01,0.54,0.39,0.64,0.15,0,0.14,0
"924",0.15,34,0.08,0.55,0.51,0.49,0.11,0,0.14,0
"925",0.39,48,0.11,0.33,0.23,0.45,0.15,0,0.61,0
"926",0.03,18,0.02,0.41,0.5,0.71,0.2,0,0.39,0
"927",0.23,6,0.06,0.58,0.57,0.56,0.26,0.1,0.2,0.04
"928",0.1,40,0.07,0.34,0.19,0.57,0.23,0,0.48,0
"929",0.22,54,0.13,0.1,0.44,0.35,0.31,0.02,0.58,0
"930",0.26,6,0.1,0.75,0.45,0.7,0.19,0,0.11,0
"931",0.03,44,0.01,0.53,0.61,0.58,0.05,0,0.1,0
"932",0.43,6,0.2,0.43,0.37,0.31,0.26,0.02,0.37,0.02
"933",0.11,6,0.01,0.68,0.44,0.42,0.1,0,0.11,0
"934",0.1,34,0.12,0.65,0.4,0.56,0.08,0,0.06,0
"935",0.03,55,0.02,0.83,0.45,0.88,0.11,0,0.14,0
"936",0.07,25,0.02,0.56,0.49,0.47,0.09,0,0.06,0
"937",0.16,48,0.05,0.68,0.35,0.74,0.14,0,0.17,0
"938",0.06,25,0.05,0.64,0.49,0.67,0.03,0,0.03,0
"939",0.18,16,0,0.51,0.28,0.63,0.1,0.09,0.38,0
"940",0.06,39,0.01,0.68,0.24,0.51,0.1,0,0.1,0
"941",0.2,36,0.05,0.36,0.42,0.5,0.26,0,0.44,0
"942",0.14,48,0.04,0.56,0.34,0.38,0.13,0,0.36,0
"943",0.15,1,0.16,0.53,0.56,0.67,0.15,0,0.16,0
"944",0.04,34,0.11,0.63,0.38,0.33,0.04,0.03,0.06,0
"945",0.16,34,0.44,0.65,0.43,0.6,0.3,0.01,0.17,0
"946",0.64,39,0.74,0.39,0.71,0.4,0.96,0.58,0.65,0.05
"947",0.2,6,0.13,0.74,0.4,0.62,0.08,0,0.09,0
"948",0.65,37,0.66,0.49,0.97,0.65,0.79,0.04,0.71,0.02
"949",0.17,48,0.32,0.65,0.19,0.42,0.06,0,0.31,0
"950",0.14,6,0.13,0.8,1,0.57,0.04,0,0.09,0
"951",0.27,25,0.01,0.59,0.39,0.66,0.12,0,0.14,0
"952",0.12,18,0.05,0.3,0.31,0.66,0.13,0,0.37,0
"953",0.74,45,1,0.2,0.88,0.62,0.67,0,0.66,0
"954",0.73,12,0.58,0.56,0.6,0.49,0.77,0,0.39,0
"955",0.24,34,0.01,0.49,0.57,0.37,0.29,0,0.3,0
"956",1,1,1,0.12,0.62,0.33,1,0,1,0
"957",0.03,39,0.01,0.58,0.25,0.52,0.11,0,0.21,0
"958",1,6,0.07,0.58,1,0.4,0.28,0.01,0.29,0.33
"959",0.21,42,0.16,0.11,0.39,0.16,0.25,0.03,0.52,0
"960",0.25,13,0.74,0.48,0.45,0.49,0.47,0.15,0.49,0.04
"961",0.26,21,0.29,0.35,0.27,0.85,0.16,0,0.27,0
"962",0.51,1,0.69,0.28,0.81,0.64,0.69,0.01,0.71,0.03
"963",0.01,19,0.01,0.64,0.41,0.96,0.07,0,0.18,0
"964",0.03,9,0.01,0.62,0.35,0.78,0.06,0.04,0.06,0
"965",0.01,42,0.01,0.51,0.23,0.1,0.04,0,0.05,0
"966",0.16,48,0.14,0.67,0.24,0.4,0.13,0,0.22,0
"967",0.52,48,0.8,0.38,0.41,0.51,0.41,0.07,0.56,0.12
"968",0.1,4,0.03,0.8,0.32,0.51,0.14,0,0.15,0
"969",0.24,12,0.05,0.69,0.38,0.57,0.08,0,0.15,0
"970",0.3,13,0.34,0.47,0.32,0.74,0.32,0,0.39,0
"971",0.69,39,0.91,0.19,0.65,0.17,0.99,0.34,0.76,0.24
"972",0.09,25,0.01,0.76,0.36,0.57,0.08,0,0.06,0
"973",0.22,18,0.01,0.29,0.23,0.46,0.05,0,0.29,0
"974",0.65,34,1,0.61,0.7,0.8,1,0,0.32,0.04
"975",0.17,34,0.18,0.49,0.43,0.54,0.12,0.01,0.09,0
"976",0.09,25,0.06,0.57,0.48,0.5,0.11,0,0.15,0
"977",0.77,13,1,0.65,0.79,0.76,1,0,0.62,0.01
"978",0.33,22,0.3,0.26,0.33,0.03,0.4,0,0.63,0
"979",0.38,44,0.29,0.35,0.84,0.29,0.75,0.14,0.61,0.1
"980",0.07,23,0.01,0.48,0.42,0.73,0.15,0,0.33,0
"981",0.19,41,0.01,0.59,0.38,0.47,0.12,0,0.23,0
"982",0.09,23,0.01,0.32,0.63,0.54,0.25,0,0.42,0
"983",0.21,21,0.19,0.4,0.26,0.52,0.3,0,0.57,0
"984",0.08,39,0.06,0.64,0.28,0.68,0.16,0,0.18,0
"985",0.1,44,0.02,0.52,0.42,0.59,0.08,0,0.16,0
"986",0.05,42,0.01,0.44,0.21,0.54,0.08,0,0.03,0
"987",0.23,6,0.17,0.69,0.47,0.65,0.21,0,0.16,0.01
"988",0.08,34,0.03,0.55,0.34,0.33,0.08,0,0.03,0
"989",0.02,25,0.01,0.56,0.43,0.38,0.04,0.02,0.05,0
"990",0.08,46,0,0.52,0.4,0.89,0.1,0,0.38,0
"991",0.12,39,0.14,0.44,0.32,0.65,0.15,0,0.3,0
"992",0.4,13,0.85,0.44,0.58,0.51,0.7,0,0.63,0
"993",0.45,37,0.31,0.55,0.3,0.77,0.27,0,0.31,0
"994",0.05,55,0,0.34,0.33,0.57,0.13,0.01,0.32,0
"995",0.03,34,0.17,0.4,1,0.47,0.21,0,0.25,0
"996",0.36,37,0.54,0.58,0.39,0.86,0.38,0,0.34,0
"997",0.08,5,0,0.53,0.2,0.71,0.07,0,0.22,0
"998",0.07,8,0,0.46,0.35,0.51,0.15,0,0.44,0
"999",1,6,0.46,0.33,0.73,0.03,0.84,0.03,0.58,0
"1000",0.04,34,0.02,0.73,0.37,0.34,0.08,0,0.11,0
"1001",0.06,55,0.01,0.73,0.46,0.71,0.17,0.01,0.15,0
"1002",1,1,0.76,0.52,0.41,0.83,0.59,0.03,0.55,0
"1003",0.2,6,0.06,0.5,0.5,0.44,0.15,0,0.23,0
"1004",0.14,53,0.02,0.49,0.69,0.55,0.19,0.08,0.44,0.03
"1005",0.48,37,0.89,0.58,0.68,0.78,0.76,0.07,0.39,0
"1006",0.13,6,0.25,0.83,0.33,0.93,0.03,0,0.04,0
"1007",0.67,39,0.79,0.28,0.62,0.25,0.88,0.24,0.71,0.01
"1008",0.04,39,0.02,0.65,0.3,0.42,0.08,0,0.07,0
"1009",0.49,44,0.16,0.58,0.72,0.4,0.38,0.02,0.32,0
"1010",0.05,51,0.19,1,0.48,0.89,0.19,0.01,0.07,0
"1011",0.02,48,0.04,0.95,0.15,0.58,0.07,0,0.05,0
"1012",0.39,6,0.08,0.44,0.53,0.41,0.47,0.01,0.56,0.02
"1013",0.29,9,0.33,0.52,0.84,0.46,0.57,0.02,0.4,0
"1014",0.02,25,0.02,0.53,0.28,0.44,0,0,0.04,0
"1015",0.25,6,0.12,0.58,0.46,0.54,0.19,0,0.24,0
"1016",0.23,37,0.44,0.56,0.34,0.77,0.32,0.01,0.25,0
"1017",0.01,39,0.03,0.41,0.39,0.62,0.06,0,0.31,0
"1018",0.12,6,0.02,0.6,0.37,0.48,0.13,0,0.12,0
"1019",0.1,6,0.07,0.73,0.57,0.56,0.19,0,0.11,0
"1020",0.04,42,0.08,0.68,0.4,0.26,0.05,0,0.03,0
"1021",0.14,22,0.65,0.24,0.42,0.43,0.57,0,0.76,0
"1022",0.2,49,0.01,0.55,0.44,0.45,0.21,0,0.55,0.01
"1023",0.13,6,0.03,0.75,0.37,0.57,0.12,0.02,0.12,0
"1024",0.03,55,0,0.55,0.34,0.67,0.1,0,0.19,0
"1025",0.11,56,0,0.7,0.33,0.81,0.06,0.01,0.23,0
"1026",1,45,0.84,0.34,0.54,0.65,0.79,0.01,0.61,0.01
"1027",0.28,18,0.02,0.68,0.25,0.61,0.12,0.01,0.19,0
"1028",0.01,25,0.01,0.69,0.4,0.47,0.08,0,0.03,0
"1029",0.24,29,0.19,0.48,0.92,0.69,0.46,0.03,0.59,0.01
"1030",0.43,48,0.07,0.36,0.45,0.22,0.31,0.21,0.67,0.22
"1031",0.2,48,0.58,0.68,0.29,0.92,0.28,0.01,0.26,0
"1032",0.08,25,0.02,0.73,0.38,0.68,0.09,0,0.08,0
"1033",0.04,34,0.06,0,0.03,0.43,0.04,0,0.11,0
"1034",0.07,8,0.01,0.66,0.31,0.58,0.14,0,0.2,0
"1035",0.05,48,0.48,0,0.71,0.86,0.78,0,0.34,0
"1036",0.04,34,0.06,0.49,0.28,0.21,0.05,0,0.05,0
"1037",0.02,34,0.01,0.66,0.34,0.47,0.03,0,0.05,0
"1038",0.4,25,0.07,0.64,0.58,0.68,0.24,0.05,0.15,0
"1039",0.16,6,0.02,0.33,1,0.46,0.21,0,0.75,0.01
"1040",0.57,47,0.59,0.38,0.34,0.56,0.42,0,0.52,0
"1041",0.2,37,0.36,0.41,0.3,0.65,0.32,0,0.42,0
"1042",1,12,0.56,0.29,0.42,0.58,0.66,0.01,0.42,0.15
"1043",0.02,55,0,0.51,0.32,0.6,0.1,0,0.23,0
"1044",0.08,34,0.11,0.52,0.32,0.38,0.1,0,0.06,0
"1045",1,11,1,0.5,0.91,0.64,1,1,0.44,0.3
"1046",0.06,42,0.01,0.48,0.27,0.62,0.1,0,0.1,0
"1047",0.07,55,0,0.55,0.3,0.62,0.04,0,0.08,0
"1048",0.08,6,0.02,0.67,0.3,0.59,0.05,0,0.06,0
"1049",0.05,42,0.02,0.51,0.21,0.52,0.06,0,0.05,0
"1050",0.02,54,0.02,0.11,0.37,0.34,0.14,0,0.44,0
"1051",0.13,55,0.08,0.64,0.83,0.77,0.23,0.12,0.42,0.01
"1052",0.45,28,0.42,0.42,0.41,0.48,0.43,0.01,0.52,0.05
"1053",0.44,42,0.78,0.36,0.67,0.5,1,0.04,0.48,0
"1054",0.45,21,0.07,0.39,0.5,0.39,0.47,0,0.69,0.01
"1055",0.39,12,0.04,0.52,0.34,0.58,0.09,0,0.25,0
"1056",0.26,6,0.03,0.55,0.41,0.49,0.27,0.08,0.29,0.04
"1057",1,6,0.55,0.63,0.67,0.48,0.73,0,0.36,0
"1058",0.32,29,0.07,0.63,0.34,0.68,0.09,0,0.06,0
"1059",0.3,6,0.09,0.5,0.41,0.37,0.19,0,0.25,0.03
"1060",0.31,6,0.02,0.44,0.37,0.64,0.14,0,0.18,0
"1061",0.27,6,0.09,0.65,0.59,0.48,0.32,0.54,0.24,0.33
"1062",0.11,25,0.04,0.62,0.62,0.68,0.06,0.11,0.1,0
"1063",0.07,55,0.03,0.6,0.48,0.62,0.09,0,0.15,0
"1064",0.09,40,0.05,0.43,0.23,0.38,0.1,0,0.41,0
"1065",0.26,6,0.02,0.14,0.3,0.07,0.32,0,0.42,0
"1066",0.17,48,0.04,0.12,0.43,0,0.28,0,0.99,0
"1067",0.07,37,0.11,0.89,0.33,0.65,0.06,0,0.07,0
"1068",0.31,6,0.04,0.58,0.3,0.41,0.15,0,0.16,0
"1069",0.07,39,0.04,0.64,0.39,0.71,0.1,0,0.13,0
"1070",0.33,49,0.03,0.5,0.54,0.45,0.25,0.32,0.43,0.37
"1071",0.15,12,0.02,0,0.02,0.61,0.05,0,0.14,0.01
"1072",0.21,41,0.01,0.48,0.39,0.44,0.23,0.03,0.43,0.01
"1073",0.1,6,0.03,0.79,0.43,0.58,0.15,0.01,0.08,0
"1074",0.51,6,0.09,0.24,0.47,0.27,0.46,0.02,0.72,0.01
"1075",0.17,12,0.1,0.55,0.23,0.61,0.18,0,0.18,0
"1076",0.09,18,0,0.46,0.26,0.63,0.08,0.01,0.28,0
"1077",0.03,9,0.03,0.62,0.35,0.56,0.05,0,0.05,0
"1078",0.15,1,0.11,0.45,0.22,0.51,0.11,0,0.38,0
"1079",0.17,39,0.6,0.57,0.36,0.56,0.13,0,0.08,0
"1080",0.14,25,0.01,0.48,0.4,0.63,0.25,0,0.24,0
"1081",0.03,39,0.04,0.3,0.35,0.3,0.06,0,0.31,0
"1082",0.34,18,0.08,0.26,1,0.48,0.2,0.04,0.84,0
"1083",0.05,49,0,0.69,0.31,0.4,0.01,0,0.08,0
"1084",0.24,25,0.03,0.34,0.64,0.67,0.22,0,0.37,0
"1085",0.07,45,0.21,0.95,0.16,0.89,0.09,0,0.05,0
"1086",0.33,21,0.24,0.43,0.64,0.52,0.29,0.02,0.63,0
"1087",0.09,8,0.02,0.6,1,0.61,0.15,0.12,0.5,0.07
"1088",0.11,34,0.16,0.61,0.59,0.55,0.18,0.06,0.08,0
"1089",0.1,55,0.01,0.55,0.4,0.74,0.13,0,0.13,0
"1090",0.02,39,0.07,0.63,0.27,0.39,0.04,0,0.05,0
"1091",0.25,53,0.13,0.67,0.49,0.5,0.19,0.05,0.17,0.01
"1092",0.37,34,0.22,0.43,0.47,0.59,0.5,0.07,0.28,0.05
"1093",0.07,48,0,0.59,0.23,0.64,0.05,0,0.16,0
"1094",0.71,34,1,0.53,0.67,0.65,1,0,0.31,0
"1095",0.18,39,0.04,0.35,0.36,0.29,0.17,0,0.33,0
"1096",0.28,51,0.72,0.4,0.39,0.75,0.63,0.01,0.41,0.01
"1097",0.44,25,0.01,0.38,0.36,0.37,0.17,0,0.3,0
"1098",0.09,53,0.02,0.67,0.34,0.56,0.08,0,0.08,0
"1099",0.19,37,0.11,0.72,0.36,0.95,0.19,0,0.21,0
"1100",0.28,48,0.14,0.43,0.46,0.38,0.28,0.41,0.6,0.1
"1101",0.03,25,0.01,0.59,0.47,0.57,0.04,0,0.1,0
"1102",0.04,34,0.02,0.65,0.35,0.47,0.03,0,0.02,0
"1103",0.32,44,0.09,0.67,0.46,0.47,0.12,0,0.12,0
"1104",0.19,42,0.33,0.1,0.59,0.27,0.43,0.01,0.71,0
"1105",0.16,6,0.05,0.3,0.27,0.08,0.2,0,0.32,0
"1106",0.09,42,0.03,0.3,0.48,0.32,0.22,0.01,0.62,0
"1107",0.05,4,0.23,0.66,0.36,0.49,0.13,0,0.28,0
"1108",0.11,48,0.07,0.63,0.25,0.76,0.09,0,0.29,0
"1109",0.36,22,0.53,0.41,0.57,0.4,0.51,0.03,0.58,0
"1110",0.09,42,0.03,0.77,0.24,0.51,0.13,0,0.09,0
"1111",0.03,5,0.09,0.26,0.54,0.57,0.1,0,0.46,0
"1112",0.05,39,0.03,0.61,0.27,0.54,0.08,0,0.08,0
"1113",0.05,39,0.04,0.61,0.24,0.63,0.06,0.01,0.05,0
"1114",0.13,18,0,0.54,0.32,0.59,0.03,0,0.08,0
"1115",0.05,9,0.02,0.61,0.34,0.28,0.02,0.01,0.07,0
"1116",0.12,48,0.09,0.88,0.38,0.72,0.14,0,0.15,0
"1117",0.47,40,0.19,0.27,0.25,0.53,0.22,0.01,0.61,0
"1118",0.17,34,0.18,0.71,0.42,0.66,0.18,0,0.11,0
"1119",0.17,18,0.05,0.61,0.36,0.45,0.11,0,0.1,0
"1120",1,1,1,0.17,0.47,0.44,0.87,0,0.79,0.05
"1121",0.2,6,0.07,0.74,0.42,0.57,0.15,0.04,0.1,0.03
"1122",0.08,25,0.04,0.71,0.49,0.66,0.07,0,0.07,0
"1123",0.09,40,0.07,0.54,0.66,0.62,0.11,0.02,0.39,0
"1124",0.1,28,0.23,0.93,0.5,0.84,0.18,0,0.12,0
"1125",0.03,34,0.13,0.52,0.37,0.39,0.12,0,0.14,0
"1126",0.71,13,0.87,0.32,0.48,0.49,0.68,0,0.7,0
"1127",0.17,6,0.1,0.81,0.67,0.61,0.21,0.07,0.15,0.01
"1128",0.02,34,0.02,0.46,0.35,0.19,0.03,0,0.07,0
"1129",0.2,6,0.03,0.58,0.55,0.44,0.29,0.03,0.21,0
"1130",0.38,36,0.11,0.39,0.43,0.5,0.38,0,0.38,0
"1131",0.09,34,0.24,0.7,0.49,0.48,0.27,0.03,0.12,0
"1132",0.06,6,0.02,0.62,0.43,0.39,0.07,0,0.13,0
"1133",0.05,44,0.01,0.48,0.52,0.76,0.19,0,0.14,0
"1134",0.05,55,0.01,0.74,0.37,0.69,0.09,0,0.04,0
"1135",1,12,0.53,0.31,0.58,0.38,1,0.52,0.83,0.61
"1136",0.21,21,0.05,0.16,0.22,0.16,0.12,0.01,0.48,0
"1137",0.29,48,0.19,0.53,0.8,0.57,0.24,0,0.55,0
"1138",0.04,34,0.02,0.66,0.4,0.26,0.14,0,0.03,0
"1139",0.12,6,0.08,0.63,0.55,0.66,0.17,0,0.11,0
"1140",0.06,33,0.01,0.52,0.45,0.77,0.14,0.03,0.17,0
"1141",0.21,42,0.08,0.5,0.42,0.78,0.38,0.05,0.28,0
"1142",0.06,9,0.03,0.6,0.44,0.6,0.13,0.03,0.08,0
"1143",0.51,6,0.04,0.5,0.47,0.37,0.4,0,0.35,0
"1144",0.07,25,0.09,0.46,0.73,0.59,0.13,0,0.11,0
"1145",0.21,47,0.35,0.7,0.29,0.65,0.38,0,0.18,0
"1146",0.39,22,0.21,0.47,0.31,0.47,0.16,0,0.26,0
"1147",0.66,6,0.02,0.4,0.71,0,0.96,0,0.73,0
"1148",0.03,23,0.01,0.57,0.36,0.75,0.09,0,0.15,0
"1149",0.06,9,0.02,0.56,0.3,0.48,0.01,0,0.05,0
"1150",0.53,13,0.88,0.28,0.48,0.47,0.6,0.01,0.92,0
"1151",0.08,13,0.09,0.79,0.34,0.49,0.07,0,0.07,0
"1152",0.59,25,0.08,0.29,0.48,0.46,0.42,0.05,0.44,0.03
"1153",0.12,47,0.01,0.53,0.24,0.68,0.05,0,0.19,0
"1154",0.29,42,0.17,0.03,0.47,0.18,0.41,0.03,0.72,0
"1155",1,42,1,0.25,0.81,0.54,1,0.07,0.67,0
"1156",0.03,48,0.06,0.67,0.21,0.38,0.03,0,0.08,0
"1157",0.29,5,0.15,0.48,0.28,0.54,0.16,0.01,0.36,0.01
"1158",0.38,6,0.01,0,0.13,0.2,0.21,0.03,0.37,0
"1159",0.06,4,0.01,0.38,0.21,0,0.02,0,0.07,0
"1160",1,6,0.86,0.4,0.72,0.33,0.84,0.25,0.5,0.69
"1161",0.3,6,0.01,0.35,0.52,0.46,0.45,0,0.59,0
"1162",0.16,6,0.01,0.39,0.25,0.6,0.16,0,0.21,0
"1163",0.29,6,0.01,0.4,0.23,0.58,0.15,0,0.21,0
"1164",0.02,42,0.01,0.7,0.38,0.38,0.04,0,0.02,0
"1165",0.19,51,0.76,0.57,0.44,0.58,0.37,0.01,0.28,0
"1166",0.38,6,0.05,0.32,0.42,0.22,0.39,0.01,0.49,0
"1167",0.31,1,0.48,0.37,0.28,0.52,0.2,0,0.52,0
"1168",0.07,12,0,0.31,0.16,0.34,0.01,0,0.12,0
"1169",0.11,36,0.07,0.29,0.48,0.48,0.4,0,0.49,0
"1170",0.6,6,0.41,0.52,0.45,0.58,0.28,0.03,0.21,0.02
"1171",0.54,29,0.21,0.24,0.24,0.33,0.29,0,0.84,0
"1172",0.45,6,0.03,0.42,0.65,0.15,0.6,0.01,0.46,0
"1173",0.22,6,0.02,0.98,0.97,0.7,0.17,0,0.13,0
"1174",0.02,42,0.06,0.73,0.34,0.62,0.07,0,0.02,0
"1175",0,9,0.02,0.69,0.31,0.49,0.04,0,0.02,0
"1176",0.22,41,0.01,0.41,0.28,0.52,0.23,0.06,0.38,0.01
"1177",0.13,19,0.01,0.5,0.46,0.73,0.13,0.05,0.28,0.19
"1178",0.06,55,0.04,0.43,1,0.79,0.12,0.01,0.88,0
"1179",0.11,8,0.01,0.81,0.32,0.72,0.09,0,0.12,0
"1180",0.03,39,0.01,0.55,0.32,0.35,0.03,0,0.04,0
"1181",0.69,12,0.29,0.36,0.46,0.45,0.47,0,0.45,0.05
"1182",0.19,48,0.24,0.73,0.29,0.66,0.15,0,0.09,0
"1183",0.69,45,0.92,0.39,0.55,0.65,0.72,0.01,0.58,0
"1184",0.41,6,0.05,0.27,0.47,0.06,0.45,0,0.65,0.02
"1185",0.08,34,0.02,0.63,0.36,0.26,0.04,0.01,0.05,0
"1186",0.31,12,0.31,0.67,0.35,0.72,0.2,0,0.21,0
"1187",0.08,25,0.09,0.5,0.54,0.67,0.07,0,0.07,0
"1188",0.45,6,0.05,0.59,0.74,0.43,0.51,0.11,0.48,0.58
"1189",0.2,25,0.01,0.55,0.43,0.53,0.06,0,0.09,0
"1190",0.19,40,0,0.49,0.21,0.53,0.08,0,0.4,0
"1191",0.03,33,0.01,0.67,0.38,0.75,0.2,0.01,0.17,0
"1192",0.15,8,0.02,0.81,0.3,0.71,0.09,0.01,0.21,0
"1193",0.54,48,0.38,0.3,0.34,0.48,0.21,0,0.58,0
"1194",0.02,42,0.01,0.55,0.45,0.61,0.06,0,0.1,0
"1195",0.1,34,0.26,0.38,0.31,0.67,0.36,0.02,0.2,0
"1196",0.31,25,0.03,0.64,0.73,0.63,0.17,0,0.14,0
"1197",0.65,13,1,0.53,0.59,0.86,0.81,0,0.44,0.01
"1198",0.06,34,0.07,0.68,0.4,0.39,0.1,0,0.08,0
"1199",0.02,42,0.01,0.71,0.27,0.44,0.03,0,0.07,0
"1200",0.06,18,0.05,0.26,0.72,0.66,0.12,0.01,0.55,0
"1201",0.82,12,0.57,0.54,0.87,0.79,0.64,0.09,0.59,0.07
"1202",0.02,34,0.09,0.51,0.66,0.31,0.09,0.01,0.08,0
"1203",0.14,53,0.01,0.36,0.28,0.32,0.19,0.07,0.42,0
"1204",0.03,44,0.01,0.56,0.3,0.36,0,0,0.03,0
"1205",0.4,12,0.07,0.46,0.65,0.3,0.09,0,0.16,0
"1206",0.05,34,0.03,0.78,0.38,0.52,0.1,0,0.07,0
"1207",0.12,53,0.01,0.49,0.3,0.47,0.09,0,0.17,0
"1208",0.61,22,0.53,0.09,0.32,0.05,0.47,0,1,0
"1209",1,34,1,0.47,0.73,0.61,1,0.02,0.47,0.01
"1210",0.15,6,0.02,0.78,0.34,0.43,0.04,0,0.08,0
"1211",0.09,25,0.16,0.59,0.47,0.58,0.11,0,0.12,0
"1212",0.76,41,0.15,0.52,0.54,0.57,0.32,0.91,0.38,0.34
"1213",0.02,42,0.01,0.79,0.29,0.79,0.15,0,0.06,0
"1214",0.06,25,0.02,0.71,0.44,0.64,0.1,0,0.08,0
"1215",0.03,34,0.03,0.52,0.34,0.51,0.09,0,0.06,0
"1216",0.06,48,0.09,0.9,0.19,0.74,0.06,0,0.06,0
"1217",0.2,6,0.11,0.65,0.57,0.57,0.28,0,0.22,0
"1218",0.25,22,0.34,0.29,0.31,0.42,0.41,0,0.56,0
"1219",0.07,55,0.01,0.57,0.25,0.43,0.02,0,0.01,0
"1220",0.06,39,0.01,0.55,0.3,0.56,0.07,0,0.1,0
"1221",0.19,6,0.15,0.43,0.45,0.41,0.4,0.01,0.39,0.27
"1222",0.06,39,0,0.51,0.22,0.45,0.02,0,0.02,0
"1223",0.16,29,0.22,0.27,0.59,0.83,0.2,0,0.29,0
"1224",0.19,48,0.18,0.55,0.24,0.4,0.2,0.04,0.38,0.01
"1225",0.14,41,0.02,0.64,0.35,0.59,0.17,0.01,0.21,0
"1226",0.18,34,0.02,0.54,0.57,0.48,0.13,0,0.15,0
"1227",0.11,34,0.05,0.49,0.56,0.36,0.13,0,0.12,0
"1228",0.22,42,0.18,0.53,0.38,0.71,0.09,0,0.16,0
"1229",0.03,34,0.04,0.58,0.4,0.39,0.06,0,0.05,0
"1230",0.33,4,0.01,0.31,0.17,0.67,0.08,0,0.33,0
"1231",0,36,0.16,0.13,0.73,0.69,0.24,0,0.36,0
"1232",0.01,36,0.14,0.43,0.56,0.66,0.17,0.01,0.11,0
"1233",0.37,25,0.02,0.58,0.58,0.44,0.23,0.03,0.2,0
"1234",0.15,44,0.05,0.41,0.48,0.45,0.37,0.03,0.36,0
"1235",0.04,9,0.01,0.67,0.37,0.71,0.08,0,0.07,0
"1236",0.35,42,0.15,0.43,0.51,0.49,0.27,0,0.27,0
"1237",0.1,6,0.03,0.82,0.31,0.5,0.15,0,0.1,0
"1238",0.46,13,0.48,0.42,0.53,0.52,0.62,0.05,0.7,0
"1239",0.04,39,0.01,0.49,0.24,0.64,0.01,0,0.12,0
"1240",0.18,40,0.07,0.26,0.35,0.46,0.16,0,0.56,0.02
"1241",0.4,6,0.18,0.51,0.39,0.36,0.42,0.2,0.39,0.07
"1242",0.06,55,0.02,0.49,0.63,0.64,0.14,0.01,0.33,0
"1243",0.01,34,0.04,0.75,0.41,0.35,0.06,0,0.03,0
"1244",0.03,34,0.01,0.43,0.27,0.52,0.04,0,0.1,0
"1245",0.52,42,0.5,0.26,0.72,0.31,0.63,0.41,0.57,0.15
"1246",0.03,19,0.01,0.92,0.36,0.82,0.07,0,0.14,0
"1247",0.27,19,0.24,0.38,0.35,0.57,0.32,0.01,0.44,0.01
"1248",0.11,9,0.13,0.63,0.52,0.53,0.24,0.04,0.14,0.09
"1249",0.03,9,0.02,0.54,0.32,0.43,0.05,0,0.04,0
"1250",0.17,25,0.02,0.6,0.41,0.5,0.06,0,0.09,0
"1251",0.47,48,0.55,0.4,0.41,0.46,0.33,0.01,0.52,0.01
"1252",0.22,6,0.03,0.7,0.43,0.62,0.07,0,0.08,0.05
"1253",0.06,1,0.21,0.69,0.2,0.51,0.09,0,0.14,0
"1254",0.39,48,0.81,0.26,0.41,0.54,0.43,0.02,0.68,0
"1255",0.12,6,0.02,0.46,0.36,0.56,0.08,0,0.09,0.02
"1256",0.02,25,0.02,0.58,0.45,0.3,0.04,0,0.05,0
"1257",0.26,47,0.07,0.73,0.26,0.77,0.03,0,0.11,0
"1258",0.55,6,0.17,0.54,0.4,0.22,0.37,0.01,0.29,0.06
"1259",0.21,6,0.05,0.66,0.41,0.44,0.24,0.03,0.21,0.02
"1260",0.12,41,0.01,0.43,0.36,0.44,0.15,0.01,0.43,0
"1261",0.1,34,0.34,0.79,0.33,0.44,0.09,0,0.02,0
"1262",0.41,13,0.92,0.28,0.46,0.49,0.61,0,0.77,0
"1263",0.84,22,1,0.26,0.7,0.42,1,0.46,0.85,0.25
"1264",0.18,6,0.07,0.63,0.5,0.65,0.2,0.17,0.15,0.31
"1265",0.04,34,0.11,0.56,0.41,0.23,0.08,0,0.05,0
"1266",0.34,48,0.39,0.45,0.31,0.44,0.27,0.02,0.45,0.02
"1267",0.07,34,0.03,0.76,0.35,0.49,0.03,0.01,0.04,0
"1268",0.05,39,0.02,0.61,0.59,0.56,0.14,0,0.21,0
"1269",0.02,42,0.02,0.53,0.28,0.32,0.04,0,0.09,0
"1270",0.31,48,0.52,0.04,0.79,0.69,0.53,0,0.8,0
"1271",0.97,6,0.84,0.49,0.79,0.58,0.84,0.03,0.46,0.15
"1272",0.33,48,0.12,0.46,0.26,0.33,0.22,0.03,0.51,0
"1273",0.12,34,0.22,0.69,0.54,0.68,0.22,0,0.06,0
"1274",1,1,1,0.18,0.52,0.33,1,0.02,0.96,0
"1275",0.96,28,0.96,0.25,0.42,0.63,0.69,0,0.67,0
"1276",0.25,6,0.15,0.2,0.72,0.23,0.28,0,0.13,0
"1277",0.03,55,0,0.63,0.3,0.81,0.11,0,0.2,0
"1278",0.12,25,0.01,0.42,0.49,0.69,0.05,0,0.14,0
"1279",0.14,6,0.06,0.64,0.42,0.61,0.19,0.03,0.14,0.05
"1280",0.52,6,0.09,0.34,0.45,0.42,0.27,0.02,0.33,0
"1281",0.05,1,0.31,0.56,0.25,0.53,0.14,0,0.18,0
"1282",0.09,48,0.1,0.69,0.2,0.58,0.11,0,0.05,0
"1283",0.14,39,0.15,0.39,0.41,0.57,0.26,0,0.38,0
"1284",0.36,5,0.3,0.17,0.26,0.52,0.26,0.04,0.66,0.01
"1285",0.04,51,0.08,0.74,0.43,0.69,0.11,0,0.07,0
"1286",0.59,6,0.16,0.37,0.54,0.15,0.51,0.39,0.64,0.28
"1287",0.49,25,0,0.52,0.44,0.56,0.16,0.03,0.19,0
"1288",0.53,6,0.06,0.63,0.47,0.34,0.29,0,0.27,0.15
"1289",0.06,29,0.18,0.35,0.22,0.75,0.17,0,0.37,0
"1290",0.19,1,0.34,0.26,0.91,0.69,0.09,0,0.56,0
"1291",0.28,6,0.1,0.42,0.36,0.29,0.35,0.02,0.41,0
"1292",0.14,6,0,0.34,0.29,0.34,0.2,0.01,0.33,0
"1293",0.9,5,0.75,0.43,0.41,0.44,0.81,0.02,0.68,0
"1294",0.05,18,0.04,0.32,0.26,0.57,0.14,0,0.52,0
"1295",0.15,12,0.07,0.3,0.22,0.67,0.13,0,0.19,0
"1296",1,22,0.96,0.27,0.48,0.54,0.74,0.03,0.77,0
"1297",0.21,34,0.39,0.36,0.51,0.68,0.54,0,0.32,0
"1298",0.02,9,0.02,0.58,0.28,0.11,0,0,0.06,0
"1299",0.07,16,0.02,0.38,0.96,0.55,0.19,0,0.62,0
"1300",0.21,5,0.73,0.28,0.31,0.51,0.54,0,0.66,0
"1301",0.21,40,0.18,0.21,0.31,0.59,0.26,0,0.55,0
"1302",0.4,47,0.38,0.35,0.26,0.5,0.34,0,0.6,0
"1303",0.04,34,0.01,0.67,0.38,0.51,0.03,0,0.01,0
"1304",0.31,48,0.01,0.31,0.45,0.26,0.24,0.03,0.88,0.01
"1305",0.2,39,0.06,0.72,0.31,0.64,0.13,0,0.09,0
"1306",0.05,39,0.03,0.55,0.42,0.49,0.12,0,0.15,0
"1307",0.54,40,0.26,0.52,0.39,0.47,0.3,0.2,0.39,0.21
"1308",0.54,6,0.18,0.56,0.54,0.35,0.36,0.01,0.44,0.05
"1309",0.11,41,0,0.44,0.41,0.45,0.19,0.01,0.33,0.16
"1310",0.13,12,0.02,0.35,0.13,0.67,0.05,0,0.14,0
"1311",0.42,22,0.6,0.12,0.41,0.21,0.66,0,0.93,0
"1312",0.06,51,0.13,0.37,0.97,0.6,0.33,0,0.57,0
"1313",0.7,6,0.08,0,0.17,0.18,0.19,0,0.59,0.06
"1314",0.45,4,0.1,0.57,0.47,0.53,0.36,1,0.37,0.63
"1315",0.15,51,0.01,0.65,0.27,0.58,0.06,0,0.06,0
"1316",0.15,25,0.02,0.48,0.43,0.62,0.17,0,0.18,0
"1317",0.12,39,0.27,0.62,0.35,0.68,0.09,0,0.09,0
"1318",0.11,5,0.1,0.73,0.22,0.76,0.03,0,0.1,0
"1319",0.03,39,0.02,0.76,0.16,0.27,0.03,0,0.01,0
"1320",0.09,34,0.08,0.65,0.44,0.79,0.2,0,0.15,0
"1321",0.3,40,0.23,0.3,0.22,0.51,0.3,0.04,0.58,0
"1322",0.39,48,0.15,0.47,0.32,0.41,0.21,0,0.5,0.01
"1323",0.05,23,0,0.67,0.31,0.72,0.04,0,0.05,0
"1324",0.03,48,0.05,0.56,0.65,0.8,0.07,0,0.45,0
"1325",0.22,54,0.09,0.3,0.41,0.53,0.26,0,0.44,0.02
"1326",0.33,6,0.01,0.74,0.59,0.58,0.02,0,0.15,0.11
"1327",0.83,48,0.18,0.68,0.32,0.5,0.19,0,0.36,0
"1328",0.11,32,0.05,0.64,0.28,0.52,0.15,0.01,0.18,0.2
"1329",0.07,42,0,0.31,0.42,0.42,0.08,0,0.23,0
"1330",0.28,48,0.44,0.29,0.91,0.6,0.53,0.02,0.84,0
"1331",0.02,9,0.01,0.72,0.35,0.5,0.04,0,0.05,0
"1332",0.41,12,0.16,0.22,0.24,0.45,0.21,0,0.28,0
"1333",0.12,34,0.1,0.44,0.46,0.65,0.19,0,0.16,0
"1334",0.34,4,0.06,0.63,0.4,0.58,0.24,0,0.3,0.1
"1335",0.07,55,0,0.57,0.33,0.55,0.13,0,0.15,0
"1336",0.05,19,0,0.45,0.22,0.74,0.06,0,0.27,0
"1337",0.12,42,0.15,0.64,0.39,0.57,0.13,0,0.1,0
"1338",0.04,25,0.01,0.5,0.37,0.45,0.05,0,0.09,0
"1339",0.3,48,0.25,0.41,0.37,0.64,0.2,0,0.41,0
"1340",0.06,45,0.18,0.75,0.38,0.64,0.14,0,0.14,0
"1341",0.09,54,0.08,0.42,0.25,0.63,0.1,0,0.3,0
"1342",0.42,32,0.22,0.59,0.41,0.59,0.35,0.2,0.3,0.54
"1343",0.02,55,0,0.48,0.37,0.58,0.13,0.03,0.3,0
"1344",0.1,25,0.11,0.6,0.93,0.51,0.35,0.03,0.3,0
"1345",0.07,39,0.03,0.41,0.5,0.75,0.11,0,0.27,0
"1346",0.11,48,0.09,0.72,0.29,0.57,0.07,0,0.1,0
"1347",0.03,53,0.01,0.19,0.16,0.38,0.08,0.01,0.3,0
"1348",0.06,42,0.01,0.42,0.23,0.6,0.04,0,0.14,0
"1349",0.03,23,0.01,0.59,0.37,0.78,0.14,0,0.25,0
"1350",0.11,25,0.01,0.61,0.44,0.72,0.06,0,0.11,0
"1351",0.52,6,0.01,0.38,0.65,0.16,0.43,0,0.53,0.01
"1352",0.25,48,0.47,0.28,0.39,0.42,0.37,0,0.71,0
"1353",0.11,48,0.04,0.77,0.26,0.69,0.09,0,0.12,0
"1354",0.82,12,0.1,0.18,0.51,0.37,0.36,0.04,0.67,0.05
"1355",0.14,39,1,0.61,0.49,0.81,0.25,0,0.17,0
"1356",0.08,34,0.12,0.63,0.38,0.49,0.15,0,0.06,0
"1357",0.02,9,0.03,0.51,0.32,0.14,0.04,0,0.05,0
"1358",0.27,56,0.02,0.62,0.3,0.52,0.09,0,0.22,0
"1359",0.15,42,1,0.57,0.48,0.96,0.4,0,0.13,0
"1360",0.16,54,0.17,0.32,0.37,0.6,0.31,0.02,0.42,0
"1361",0.47,47,0.41,0.62,0.4,0.43,0.26,0,0.35,0
"1362",0.12,48,0.17,0.28,0.41,0.43,0.13,0,0.69,0
"1363",0.26,25,0.02,0.36,0.44,0.55,0.26,0.04,0.37,0
"1364",0.02,42,0.03,0.72,0.21,0.52,0.02,0,0.01,0
"1365",1,34,1,0.16,0.92,0.15,1,0.17,0.98,0.28
"1366",0.06,48,0.01,0.52,0.22,0.29,0.03,0,0.16,0
"1367",0.31,29,0.3,0.61,0.56,0.46,0.22,0,0.18,0
"1368",0.19,48,0.04,0.41,0.27,0.25,0.16,0.02,0.74,0
"1369",0.06,9,0.03,0.68,0.43,0.92,0.07,0,0.07,0.01
"1370",0.14,6,0.11,0.64,0.55,0.69,0.3,0,0.12,0
"1371",0.35,48,0.71,0.29,0.47,0.66,0.66,0,0.62,0
"1372",0.02,55,0.02,0.33,1,0.59,0.2,0,0.77,0
"1373",0.36,6,0.01,0.49,0.46,0.52,0.28,0,0.31,0
"1374",0.39,6,0.27,0.62,0.42,0.44,0.28,0.05,0.18,0.01
"1375",0.12,46,0,0.75,0.3,1,0.21,0,0.26,0
"1376",0.13,42,0.03,0.29,0.4,0.42,0.26,0.03,0.47,0
"1377",0.57,6,0.4,0.5,0.4,0.29,0.41,0.01,0.31,0
"1378",0.07,5,0,0.58,0.21,0.66,0.07,0,0.24,0
"1379",0.59,28,1,0.44,0.58,0.71,0.87,0.05,0.6,0
"1380",0.31,28,0.9,0.16,0.44,0.46,0.87,0,1,0
"1381",0.34,37,1,0.17,0.55,0.35,0.7,0.03,0.75,0.01
"1382",0.02,9,0.03,0.6,0.36,0.57,0.03,0,0.06,0
"1383",0.47,53,0.04,0.4,0.3,0.59,0.15,0,0.4,0
"1384",0.16,39,0.14,0.39,1,0.32,0.37,0.01,0.73,0
"1385",0.15,6,0.08,0.77,0.47,0.54,0.07,0,0.14,0
"1386",0.05,38,0.01,0.5,0.43,0.94,0.09,0,0.3,0
"1387",0.15,6,0.06,0.64,0.51,0.52,0.17,0.01,0.1,0
"1388",0.04,34,0.03,0.71,0.36,0.44,0.05,0,0.04,0
"1389",0.12,36,0.1,0.3,0.64,0.4,0.28,0.05,0.53,0.01
"1390",0.39,12,0.43,0.33,0.36,0.52,0.32,0.03,0.52,0.06
"1391",0.18,25,0.02,0.64,0.53,0.6,0.12,0,0.1,0
"1392",0.1,18,0,0.67,0.36,0.94,0.05,0,0.14,0
"1393",0.86,12,0.6,0.26,0.75,0.54,0.65,0.05,0.6,0.04
"1394",0.29,51,0.5,0.46,0.37,0.54,0.49,0,0.38,0
"1395",0.07,39,0.01,0.38,0.27,0.48,0.09,0,0.32,0
"1396",0.06,48,0.02,0.44,0.67,0.03,0.02,0,0.17,0
"1397",0.2,34,0.74,0.55,0.54,0.63,0.41,0,0.13,0
"1398",0.6,45,0.75,0.56,0.31,0.37,0.54,0.02,0.55,0.01
"1399",0.14,48,0.11,0.36,0.23,0.34,0.17,0,0.39,0
"1400",0.12,34,0.14,0.62,0.34,0.63,0.18,0,0.17,0
"1401",0.04,9,0.03,0.72,0.35,0.44,0.02,0,0.04,0
"1402",0.12,34,0.22,0.67,0.44,0.52,0.14,0.01,0.07,0
"1403",0.36,6,0.01,0.47,0.76,0.09,0.72,0,0.56,0.03
"1404",0.1,40,0.06,0.46,0.19,0.54,0.1,0.03,0.28,0
"1405",0.27,48,0.33,0.44,0.36,0.62,0.43,0,0.49,0
"1406",0.02,25,0.02,0.75,0.39,0.75,0.02,0,0,0
"1407",0.01,25,0.03,0.58,0.44,0.59,0.19,0.01,0.1,0
"1408",0.04,49,0.01,0.5,0.51,0.43,0.09,0,0.46,0
"1409",0.03,34,0.01,0.51,0.32,0.46,0.03,0,0.06,0
"1410",0.11,34,0.51,0.62,0.43,0.64,0.12,0,0.08,0
"1411",0.26,12,0.02,0.25,0.21,0.7,0.1,0.03,0.18,0
"1412",0.15,27,0.03,0.52,0.37,0.93,0.12,0,0.12,0
"1413",0.08,9,0.05,0.55,0.5,0.55,0.12,0.01,0.15,0
"1414",0.47,6,0.02,0.49,0.64,0.2,0.53,0,0.46,0
"1415",0.1,29,0.12,0.54,0.29,0.5,0.05,0,0.06,0
"1416",0.07,18,0,0.5,0.3,0.52,0.14,0,0.12,0
"1417",0.15,6,0.1,0.52,0.66,0.61,0.13,0,0.13,0
"1418",0.21,29,0.01,0.61,0.3,0.82,0.06,0,0.12,0
"1419",0.13,34,0.34,0.64,0.76,0.67,0.22,0,0.06,0
"1420",0.12,41,0.01,0.73,0.21,0.64,0.05,0,0.09,0
"1421",0.59,39,0.14,0.35,0.3,0.42,0.27,0.04,0.44,0
"1422",0.7,25,0.07,0.38,0.55,0.4,0.44,0.01,0.36,0.06
"1423",0.03,39,0,0.56,0.27,0.56,0.06,0,0.22,0
"1424",0.06,42,0,0.48,0.29,0.58,0.11,0,0.21,0
"1425",0.1,9,0.03,0.56,0.4,0.71,0.16,0,0.13,0
"1426",0.08,55,0.01,0.59,0.34,0.68,0.13,0.02,0.21,0
"1427",0.11,34,0.13,0.7,0.4,0.46,0.06,0,0.08,0
"1428",0.15,48,0.4,0.37,0.38,0.59,0.15,0,0.65,0
"1429",0.51,37,0.68,0.42,0.44,0.8,0.56,0,0.56,0
"1430",0.02,1,0,0.46,0.18,0.2,0,0,0.04,0
"1431",0.06,44,0.02,0.61,0.32,0.62,0.03,0,0.1,0
"1432",0.51,48,0.09,0.36,0.31,0.3,0.17,0,0.54,0
"1433",0.58,12,0.51,0.21,0.32,0.65,0.44,0,0.29,0.03
"1434",0.05,25,0.01,0.47,0.38,0.26,0.04,0,0.08,0
"1435",0.05,34,0.02,0.51,0.32,0.17,0.04,0.01,0.04,0
"1436",0.21,12,0.02,0.23,0.21,0.76,0.06,0,0.18,0
"1437",0.65,6,0.19,0.31,0.53,0.18,0.44,0.3,0.57,0.14
"1438",0.1,36,0.26,0.6,0.38,0.4,0.18,0.31,0.09,0
"1439",0.23,48,0.13,0.46,0.31,0.45,0.22,0,0.6,0
"1440",0.05,34,0.02,0.51,0.4,0.46,0.06,0,0.07,0
"1441",0.13,34,0.03,0.52,0.51,0.37,0.17,0,0.16,0
"1442",0.48,36,0.61,0.41,0.79,0.38,1,0.17,0.62,0
"1443",0.06,53,0.03,0.81,0.44,0.6,0.11,0,0.08,0
"1444",0.14,6,0.04,0.72,0.55,0.55,0.28,0.01,0.19,0
"1445",0.54,35,0.15,0.34,0.27,0,0.27,0.01,0.66,0
"1446",0.21,34,0.6,0.62,0.55,0.68,0.33,0.01,0.15,0.01
"1447",0.25,6,0.03,0.41,0.28,0.39,0.18,0,0.41,0
"1448",0.09,41,0.02,0.35,0.94,0.48,0.1,0.01,0.55,0.01
"1449",0.04,55,0.01,0.68,0.31,0.75,0.04,0,0.06,0
"1450",0.12,34,0.04,0.51,0.46,0.43,0.32,0.01,0.24,0
"1451",0.44,1,0.76,0.36,0.48,0.51,0.62,0.12,0.59,0.04
"1452",0.6,22,0.49,0.23,0.39,0.08,0.46,0.03,0.7,0
"1453",0.34,12,0.24,0.77,0.25,0.55,0.25,0,0.2,0
"1454",0.13,18,0.18,0.24,0.62,0.53,0.23,0.04,0.54,0
"1455",0.15,25,0.04,0.78,0.43,0.61,0.12,0,0.03,0
"1456",0.11,8,0.01,0.73,0.32,0.74,0.13,0.01,0.15,0
"1457",0.32,6,0.33,0,1,0.19,0.75,0,0.64,0
"1458",0.38,34,0.79,0.64,0.5,0.72,0.44,0,0.15,0
"1459",0.12,25,0.03,0.63,0.51,0.64,0.05,0,0.05,0
"1460",0.37,6,0.11,0.47,0.39,0.6,0.12,0.01,0.12,0.01
"1461",0.08,9,0.01,0.65,0.38,0.66,0.06,0,0.07,0
"1462",0.04,49,0,0.54,0.33,0.39,0.05,0,0.21,0
"1463",0,13,0.08,0.6,0.19,0.31,0.08,0,0.04,0
"1464",0.02,9,0.02,0.62,0.27,0.3,0.01,0,0.02,0
"1465",0.03,34,0.01,0.77,0.35,0.52,0.05,0,0.05,0
"1466",0.36,2,0.13,0.75,0.45,0.53,0.27,0.18,0.18,0.08
"1467",0.25,25,0.03,0.54,0.47,0.52,0.19,0,0.21,0
"1468",0.33,34,0.45,0.63,0.75,0.6,0.49,0.04,0.18,0
"1469",0.04,27,0.01,0.57,0.99,0.87,0.25,0,0.28,0
"1470",0.48,48,0.33,0.4,0.29,0.52,0.31,0.03,0.51,0
"1471",0.13,48,0,0.17,0.47,0.17,0.17,0,1,0
"1472",0.01,18,0,0.71,0.26,0.66,0.07,0,0.15,0
"1473",0.29,48,0.11,0.2,0.25,0,0.2,0,0.88,0
"1474",0.02,39,0.01,0.36,0.25,0.29,0.06,0,0.36,0
"1475",0.03,25,0.01,0.65,0.47,0.52,0.05,0,0.05,0
"1476",0.21,12,0.39,0.15,0.16,0.64,0.3,0,0.39,0
"1477",0.12,42,0.03,0.28,0.54,0.38,0.18,0.02,0.4,0
"1478",0.41,6,0.1,0.6,0.54,0.51,0.4,0.18,0.32,0.07
"1479",0.06,34,0.08,0.61,0.42,0.58,0.07,0.01,0.07,0
"1480",0.57,6,0.25,0.35,0.33,0.13,0.32,0,0.41,0
"1481",0.37,37,0.34,0.41,0.27,0.8,0.39,0,0.37,0
"1482",0.67,47,1,0.42,0.58,0.62,0.94,0.18,0.61,0.29
"1483",0.11,18,0.21,0.72,0.3,0.79,0.27,0,0.19,0
"1484",0.03,34,0.04,0.64,0.51,0.48,0.17,0,0.12,0
"1485",0.1,34,0.02,0.47,0.4,0.56,0.2,0,0.15,0
"1486",0.03,55,0.01,0.81,0.32,0.78,0.04,0,0.05,0
"1487",0.81,22,1,0.21,0.7,0.42,1,0.01,1,0
"1488",0.51,24,0.25,0.7,0.43,0.67,0.39,0.03,0.2,0.02
"1489",0.09,53,0.01,0.47,0.38,0.56,0.22,0.03,0.34,0
"1490",0.01,34,0.06,0.84,0.32,0.58,0.07,0,0.02,0
"1491",0.03,6,0.01,0.38,0.26,0,0.05,0,0.1,0
"1492",0.2,6,0.03,0.68,0.56,0.54,0.2,0.09,0.2,0.03
"1493",0.3,13,0.95,0.17,0.39,0.46,0.59,0,0.74,0
"1494",0.03,39,0.01,0.66,0.28,0.57,0.03,0,0.06,0
"1495",0.23,34,0.08,0.48,0.56,0.32,0.49,0,0.43,0
"1496",0.12,6,0.03,0.65,0.43,0.57,0.21,0,0.07,0
"1497",0.11,48,0.13,0.74,0.26,0.72,0.06,0,0.14,0
"1498",0.12,35,0.04,0.28,0.67,0.26,0.18,0,0.94,0
"1499",0.06,42,0.07,0.66,0.37,0.63,0.13,0,0.1,0
"1500",0.12,51,0.2,0.84,0.42,0.68,0.23,0,0.09,0
"1501",0.04,6,0.02,0.47,0.24,0.01,0,0,0.04,0
"1502",0.25,6,0.03,0.51,0.34,0.33,0.27,0,0.25,0
"1503",0.76,53,0.22,0.4,0.48,0.41,0.31,0.23,0.44,0.04
"1504",0.15,25,0.01,0.19,0.23,0.43,0.05,0,0.13,0
"1505",0.14,36,0.2,0.44,0.56,0.49,0.37,0.08,0.3,0
"1506",0.23,1,0.35,0.43,0.31,0.47,0.22,0,0.38,0
"1507",0.55,45,0.52,0.35,0.42,0.45,0.47,0,0.52,0
"1508",0.37,53,0.04,0.26,0.57,0.45,0.18,0.04,0.51,0.03
"1509",0.61,37,0.92,0.51,0.4,0.45,0.75,0.02,0.56,0
"1510",0.37,22,0.81,0.29,0.46,0.33,0.48,0.01,0.63,0.01
"1511",0.14,41,0.03,0.36,0.46,0.57,0.25,0.1,0.38,0.04
"1512",0.32,34,0.11,0.62,0.95,0.19,0.72,0.05,0.43,0
"1513",0.35,36,0.4,0.33,0.83,0.42,0.84,0.24,0.6,0.12
"1514",0.21,12,0.14,0.42,0.25,0.62,0.12,0,0.16,0
"1515",0.37,10,0.6,0.61,0.63,0.69,0.56,0.01,0.32,0.01
"1516",0.05,29,0.01,0.48,0.24,0.46,0.04,0,0.07,0
"1517",0.03,9,0.02,0.73,0.36,0.67,0.11,0.03,0.07,0
"1518",0.14,34,0.06,0.66,0.6,0.7,0.14,0,0.17,0
"1519",0.34,25,0.04,0.36,0.47,0.47,0.24,0,0.28,0
"1520",0.03,34,0.04,0.57,0.28,0.36,0.05,0,0.02,0
"1521",0.03,25,0.01,0.53,0.43,0.43,0.04,0,0.04,0
"1522",0.03,34,0.06,0.63,0.32,0.49,0.16,0,0.09,0
"1523",0.04,42,0.03,0.64,0.37,0.54,0.08,0.01,0.08,0
"1524",0.29,28,0.52,0.38,0.9,0.57,0.94,0,0.9,0
"1525",0.93,34,0.72,0.3,0.61,0.45,1,0.01,0.67,0
"1526",0.05,39,0.09,0.53,0.26,0.57,0.16,0,0.25,0
"1527",0.26,33,0,0.49,0.38,0.7,0.21,0,0.21,0
"1528",0.28,6,0.08,0.4,0.26,0.22,0.18,0.01,0.27,0
"1529",0.22,25,0.06,0.42,0.45,0.44,0.24,0.01,0.25,0
"1530",0.12,48,0.03,0.85,0.24,0.57,0.06,0,0.1,0
"1531",0.13,34,0.02,0.49,0.38,0.54,0.11,0,0.08,0
"1532",0.01,33,0.02,0.84,0.35,0.7,0.09,0,0.05,0
"1533",0.49,6,0.12,0.62,0.3,0.3,0.29,0,0.22,0
"1534",0.18,6,0.02,0.76,0.59,0.56,0.06,0,0.1,0
"1535",0.25,6,0.03,0.59,0.55,0.45,0.21,0.03,0.27,0.03
"1536",0.05,34,0.04,0.48,0.46,0.16,0.11,0,0.11,0
"1537",0.53,22,0.87,0.34,0.45,0.54,0.83,0.07,0.67,0.03
"1538",0.32,21,0.3,0.36,0.41,0.65,0.29,0,0.53,0
"1539",0.36,6,0.21,0.49,0.42,0.25,0.41,0,0.41,0
"1540",0.34,12,0.33,0.21,0.29,0.73,0.31,0,0.25,0
"1541",0.18,36,0.2,0.26,0.62,0.42,0.5,0.1,0.58,0
"1542",0.21,45,0.6,0.39,0.32,0.52,0.37,0.02,0.41,0
"1543",0.22,6,0.04,0.64,0.59,0.4,0.21,0.04,0.25,0.06
"1544",0.35,29,1,0.51,0.58,0.84,0.66,0,0.41,0
"1545",0.75,27,0.25,0.56,0.84,0.48,0.73,0.62,0.49,0.06
"1546",0.19,21,0.02,0.63,0.3,0.62,0.1,0,0.23,0
"1547",0.05,36,0.04,0.23,1,0.6,0.2,0,0.62,0
"1548",0.2,6,0.01,0.66,0.51,0.77,0.11,0.04,0.14,0
"1549",0.08,25,0.01,0.61,0.42,0.7,0.08,0,0.12,0
"1550",0.03,13,0.05,0.8,0.3,0.49,0.09,0,0.08,0
"1551",0.03,9,0.34,0.65,0.42,0.67,0.11,0.13,0.05,0
"1552",0.19,21,0.09,0.62,0.24,0.61,0.19,0,0.33,0
"1553",0.03,23,0.01,0.5,0.39,0.63,0.24,0,0.28,0
"1554",0.11,55,0.01,0.35,0.49,0.49,0.21,0.01,0.45,0
"1555",0.78,45,0.35,0.58,0.44,0.7,0.29,0,0.38,0
"1556",0.32,25,0.08,0.53,0.65,0.51,0.14,0.01,0.17,0
"1557",0.37,40,0.09,0.41,0.28,0.46,0.1,0.01,0.37,0
"1558",0.33,6,0.14,0.64,0.32,0.77,0.09,0,0.08,0
"1559",0.19,5,0.08,0.4,0.18,0.6,0.06,0,0.34,0
"1560",0.11,40,0.07,0.38,1,0.62,0.13,0.01,0.7,0
"1561",0.29,6,0.05,0.6,0.34,0.42,0.21,0.01,0.18,0
"1562",0.08,34,0.02,0.42,0.48,0.48,0.03,0,0.07,0
"1563",0.1,55,0.09,0.91,0.67,0.76,0.15,0,0.13,0
"1564",1,12,0.63,0.45,0.55,0.65,0.91,0.05,0.55,0.17
"1565",0.24,34,0.09,0.58,0.68,0.34,0.46,0.01,0.24,0
"1566",0.04,48,0.28,0.81,0.2,0.74,0.03,0,0.08,0
"1567",0.27,48,0.17,0.5,0.54,0.52,0.24,0.01,0.52,0.06
"1568",0.5,22,0.35,0.6,0.41,0.48,0.34,0,0.37,0.04
"1569",0.06,56,0,0.45,0.28,0.7,0.14,0,0.28,0
"1570",0.53,6,0.02,0.42,0.6,0.2,0.48,0,0.36,0
"1571",0.53,1,0.28,0.23,0.24,0.37,0.23,0,0.43,0
"1572",0.07,40,0.06,0.69,0.33,0.49,0.09,0,0.18,0
"1573",0.11,55,0,0.51,0.3,0.74,0.14,0,0.18,0
"1574",0.31,53,0.01,0.31,0.37,0.11,0.44,0,0.54,0
"1575",0.34,35,0.05,0.31,0.35,0.44,0.26,0.01,0.57,0
"1576",0.18,51,0.53,0.63,0.33,0.64,0.33,0,0.23,0
"1577",0.14,6,0.11,0.69,0.37,0.41,0.14,0,0.13,0.08
"1578",0.14,16,0.01,0.59,0.33,0.5,0.08,0.02,0.27,0
"1579",0.03,55,0,0.61,0.31,0.91,0.09,0.01,0.16,0
"1580",0.14,9,0.04,0.5,0.35,0.51,0.09,0.01,0.07,0
"1581",0.45,12,0.77,0.28,0.36,0.52,0.63,0,0.55,0
"1582",0.12,39,0.07,0.6,0.46,0.63,0.07,0,0.13,0
"1583",0.66,35,0.02,0.57,0.45,0.55,0.66,0.05,0.61,0.04
"1584",0.07,40,0.06,0.73,0.19,0.5,0.08,0,0.16,0
"1585",0.26,24,0.27,0.96,0.56,0.81,0.46,0,0.08,0
"1586",0.07,48,0,0.11,0.39,0.15,0.15,0,1,0
"1587",0.06,55,0,0.54,0.37,0.74,0.15,0.01,0.24,0
"1588",0.1,47,0.11,0.37,0.46,0.36,0.16,0.03,0.45,0
"1589",0.04,39,0.01,0.34,0.22,0.74,0.09,0,0.28,0
"1590",0.11,48,0.41,0.8,0.25,0.84,0.15,0,0.09,0
"1591",0.29,37,0.39,0.38,0.39,0.67,0.38,0.1,0.42,0.04
"1592",0.13,39,0.85,0.71,0.42,0.85,0.31,0,0.13,0
"1593",0.11,55,0,0.34,0.32,0.38,0.2,0,0.29,0
"1594",0.02,39,0,0.34,0.32,0.35,0.02,0,0.04,0
"1595",0.24,34,0.27,0.22,0.39,0.34,0.41,0.06,0.42,0.01
"1596",0.87,45,0.85,0.46,0.86,0.66,0.78,0.12,0.56,0.09
"1597",0.14,48,0.1,0.87,0.12,0.72,0.1,0,0.05,0
"1598",0.46,24,0.09,0.12,0.36,0.28,0.26,0.02,0.7,0
"1599",0.25,6,0.13,0.7,0.6,0.61,0.23,0.02,0.17,0
"1600",0.08,25,0.03,0.68,0.44,0.5,0.11,0,0.13,0
"1601",0.04,49,0,0.47,0.24,0.31,0.04,0.01,0.17,0
"1602",0.54,5,1,0.14,0.42,0.48,0.76,0,1,0
"1603",0.09,4,0.05,0.78,0.35,0.54,0.16,0,0.25,0.03
"1604",0.2,32,0.05,0.74,0.38,0.87,0.15,0.02,0.18,0.01
"1605",0.02,36,0.03,0.3,0.42,0.54,0.27,0,0.35,0
"1606",0.04,36,0.02,0.49,0.48,0.64,0.2,0,0.25,0
"1607",0.1,42,0,0.42,0.38,0.35,0.03,0,0.14,0
"1608",0.69,6,0.07,0.46,0.64,0.21,0.43,0,0.36,0
"1609",0.13,13,0.69,0.68,0.2,0.39,0.41,0,0.46,0
"1610",0.06,55,0.01,0.78,0.38,0.73,0.08,0,0.12,0
"1611",0.91,24,0.53,0.54,0.73,0.78,0.69,0.03,0.45,0
"1612",0.04,25,0,0.5,0.35,0.85,0.06,0,0.08,0
"1613",0.81,6,0.21,0.47,0.63,0.23,0.74,0,0.46,0
"1614",0.15,49,0.02,0.72,0.25,0.88,0.01,0,0.1,0
"1615",0.07,34,0.07,0.56,0.39,0.28,0.16,0.06,0.06,0
"1616",0.06,6,0.03,0.57,0.25,0.44,0.18,0,0.03,0
"1617",0.02,34,0.02,0.58,0.41,0.45,0.02,0,0.07,0
"1618",0.31,2,0.25,0.69,0.51,0.55,0.27,0.04,0.27,0.09
"1619",0.03,47,0.03,0.61,0.22,0.19,0.04,0,0.02,0
"1620",0.27,6,0.07,0.56,0.65,0.35,0.45,0,0.37,0
"1621",0.11,48,0.14,0.32,0.23,0.45,0.12,0,0.57,0
"1622",0.09,48,0.02,0.67,0.27,0.47,0.04,0,0.12,0
"1623",0.01,55,0.01,0.64,0.21,0.49,0.03,0,0.01,0
"1624",0.5,12,0.18,0.7,0.45,0.71,0.29,0,0.3,0
"1625",0.32,48,0.15,0.69,0.38,0.56,0.12,0,0.22,0
"1626",0.43,8,0.25,0.53,0.58,0.54,0.46,0.68,0.45,0.23
"1627",0.3,9,0.15,0.47,0.64,0.5,0.49,0.04,0.33,0.02
"1628",0.02,34,0.06,0.72,0.36,0.43,0.05,0,0.05,0
"1629",0.38,6,0.01,0.52,0.46,0.55,0.34,0.04,0.3,0.03
"1630",0.01,23,0.01,0.22,1,0.77,0.34,0,0.56,0
"1631",0.02,55,0,0.37,0.49,0.68,0.15,0,0.29,0
"1632",0.04,53,0.03,0.5,0.24,0.21,0.03,0,0.05,0
"1633",0.3,4,0.04,0.55,0.38,0.51,0.14,0.13,0.24,0.2
"1634",0.8,36,0.6,0.27,0.74,0.29,0.85,0.17,0.68,0.01
"1635",0.03,34,0.01,0.58,0.38,0.36,0.07,0,0.04,0
"1636",0.11,25,0.01,0.52,0.31,0.54,0.07,0,0.06,0
"1637",0.9,1,0.55,0.18,0.33,0.4,0.36,0,0.54,0
"1638",0.09,9,0.22,0.63,0.67,0.68,0.39,0.06,0.17,0
"1639",0.17,12,0.11,0,0,0.43,0.16,0,0.21,0
"1640",0.07,49,0.02,0.53,0.3,0.7,0.07,0,0.18,0
"1641",0.79,9,0.52,0.41,0.69,0.45,0.97,0.12,0.45,0.03
"1642",0.28,48,0.49,0.42,0.32,0.42,0.28,0,0.44,0.03
"1643",0.02,34,0.01,0.55,0.33,0.24,0.03,0,0.03,0
"1644",0.03,33,0.03,0.69,0.45,0.62,0.15,0.02,0.16,0
"1645",0.15,21,0.38,0.55,0.26,0.5,0.13,0,0.34,0
"1646",0.07,50,0.02,0.51,1,0.55,0.36,0.05,0.51,0
"1647",0.08,25,0.02,0.56,0.36,0.7,0.07,0,0.1,0
"1648",0.33,48,0.53,0.37,0.33,0.54,0.27,0.02,0.55,0
"1649",0.05,42,0,0.34,0.38,0.4,0.06,0,0.23,0
"1650",0.25,34,0.31,0.73,0.55,0.58,0.43,0,0.2,0
"1651",0.09,34,0.36,0.52,0.56,0.73,0.17,0,0.07,0
"1652",0.23,48,0.2,0.58,0.26,0.59,0.17,0,0.25,0
"1653",0.06,33,0.01,0.59,0.47,0.92,0.06,0,0.07,0
"1654",0.07,34,0,0.45,0.5,0.4,0.3,0.02,0.23,0
"1655",0.08,18,0.11,0.6,0.36,0.8,0.13,0,0.15,0
"1656",0.42,6,0.12,0.32,0.48,0.08,0.16,0,0.4,0.01
"1657",0,55,0.05,0.62,0.31,0.37,0.03,0,0.04,0
"1658",0.05,40,0.01,0.72,0.22,0.72,0.07,0.06,0.17,0
"1659",0.05,55,0.01,0.54,0.38,0.69,0.12,0,0.12,0
"1660",0.03,6,0.04,0.87,0.37,0.56,0.08,0,0.03,0
"1661",0.06,34,0.12,0.81,0.35,0.47,0.1,0,0.06,0
"1662",0.59,24,0.64,0.66,0.6,0.74,0.79,0.01,0.31,0
"1663",0.33,22,0.97,0.17,0.84,0.58,1,0,1,0
"1664",0.75,25,0.05,0.4,0.38,0.52,0.15,0.16,0.17,0.01
"1665",0.43,21,0.25,0.28,0.27,0.43,0.25,0,0.49,0
"1666",0.02,5,0.5,0.32,0.8,0.6,0.48,0.01,0.75,0
"1667",0.09,28,0.24,0.64,0.29,0.68,0.15,0,0.18,0
"1668",0.03,42,0.01,0.5,0.34,0.33,0.02,0,0.05,0
"1669",0.07,55,0.02,0.51,0.35,0.68,0.09,0,0.07,0
"1670",0.25,6,0.05,0.47,0.64,0.26,0.58,0,0.41,0.01
"1671",0.48,12,0.75,0.42,0.38,0.69,0.58,0,0.26,0
"1672",0.22,40,0.08,0.28,0.42,0.54,0.12,0.01,0.61,0
"1673",0.04,42,0,0.4,0.3,0.36,0.05,0,0.13,0
"1674",0.16,19,0.02,0.49,0.3,0.72,0.11,0.01,0.24,0
"1675",0.11,37,0.35,0.83,0.52,0.17,0.25,0,0.27,0
"1676",0.18,25,0.01,0.69,0.46,0.58,0.07,0,0.05,0
"1677",0.28,34,0.36,0.58,0.54,0.46,0.68,0,0.2,0
"1678",0.57,5,0.62,0.32,0.36,0.4,0.57,0,0.67,0.03
"1679",0.39,37,0.88,0.21,0.65,0.56,0.72,0,0.78,0
"1680",0.01,36,0.03,0.52,0.37,0,0.05,0,0.09,0
"1681",0.14,8,0.03,0.7,0.39,0.74,0.13,0,0.13,0
"1682",0.12,32,0.01,0.28,0.2,0.54,0.07,0,0.16,0
"1683",0.06,37,0.09,0.19,1,0.7,0.1,0.01,1,0
"1684",0.37,6,0.15,0.66,0.48,0.6,0.09,0,0.09,0
"1685",1,18,0.65,0.17,0.67,0.11,0.8,0,0.68,0.01
"1686",0.09,41,0.01,0.66,0.35,0.65,0.2,0.01,0.21,0
"1687",0.65,19,0.15,0.5,0.44,0.56,0.41,0.06,0.41,0.07
"1688",0.02,34,0.01,0.65,0.3,0.32,0.04,0,0.03,0
"1689",0.08,48,0.05,0.75,0.26,0.5,0.04,0,0.06,0
"1690",0.34,48,0.2,0.66,0.22,0.41,0.17,0,0.29,0
"1691",0.39,53,0.01,0.28,0.5,0.37,0.44,0,0.74,0
"1692",0.29,48,0.07,0.3,0.4,0.29,0.19,0,0.81,0
"1693",0.2,5,0.66,0.36,0.47,0.59,0.49,0,0.67,0
"1694",0.13,6,0.07,0.68,0.33,0.5,0.23,0,0.08,0
"1695",0.02,39,0.02,0.7,0.27,0.45,0.06,0,0.05,0
"1696",0.32,48,0.16,0.78,0.43,0.6,0.15,0.03,0.21,0
"1697",0.13,25,0.03,0.64,0.46,0.64,0.08,0,0.08,0
"1698",0.04,44,0.03,0.44,0.78,0.57,0.13,0.01,0.17,0
"1699",0.59,12,0.55,0.43,0.62,0.51,0.72,0.14,0.45,1
"1700",0.33,6,0.02,0.6,0.49,0.51,0.3,0.05,0.33,0
"1701",0.5,48,0.25,0.47,0.41,0.59,0.37,0.01,0.46,0
"1702",0.1,51,0.02,0.53,0.27,0.67,0.05,0.01,0.14,0
"1703",0.09,48,0.1,0.89,0.3,0.62,0.13,0,0.11,0
"1704",0.52,48,0.65,0.25,0.29,0.26,0.45,0.01,0.6,0
"1705",0.04,9,0.05,0.64,0.48,0.7,0.11,0,0.06,0
"1706",0.05,34,0.01,0.65,0.41,0.52,0.03,0,0.02,0
"1707",0.05,51,0.1,0.6,0.28,0.74,0.09,0,0.28,0
"1708",0.38,51,0.87,0.42,0.37,0.57,0.67,0,0.45,0.02
"1709",0.02,9,0.01,0.56,0.37,0.6,0.07,0,0.1,0
"1710",0.22,6,0.01,0.51,0.44,0.46,0.15,0,0.13,0
"1711",0.28,48,0,0.27,0.48,0.09,0.23,0,1,0
"1712",0.28,32,0.06,0.65,0.51,0.65,0.24,0.34,0.3,0.07
"1713",0.18,34,0.03,0.47,0.36,0,0.05,0,0.15,0
"1714",0.02,39,0.04,0.45,0.29,0.28,0,0,0.04,0
"1715",0.11,6,0.02,0.59,0.47,0.64,0.1,0,0.11,0
"1716",0.08,29,0.05,0.73,0.24,0.62,0.09,0,0.17,0
"1717",0.12,51,0.27,0.76,0.42,0.53,0.19,0.17,0.14,0
"1718",0.19,21,0.15,0.43,0.3,0.54,0.19,0,0.38,0
"1719",0.21,37,0.76,0.33,0.4,0.7,0.55,0,0.49,0
"1720",0.23,45,0.24,0.53,0.3,0.73,0.35,0,0.27,0
"1721",0.11,13,0.49,0.6,0.33,0.64,0.37,0.01,0.3,0
"1722",1,12,0.49,0.46,0.52,0.56,0.59,0.25,0.51,0.32
"1723",0.04,33,0.02,0.64,0.56,0.78,0.21,0.02,0.24,0
"1724",0.11,29,0.02,0.68,0.27,0.81,0.08,0,0.08,0
"1725",0.19,6,0.03,0.78,0.71,0.58,0.25,0.13,0.23,0.06
"1726",0.04,42,0.01,0.47,0.27,0.38,0.06,0,0.08,0
"1727",0.32,48,0.24,0.33,0.48,0.49,0.26,0,0.74,0.06
"1728",0.42,5,0.46,0.43,0.32,0.61,0.44,0.02,0.45,0.02
"1729",0.33,47,0.28,0.56,0.68,0.68,0.46,0.03,0.42,0
"1730",0.31,48,0.08,0.35,0.25,0.28,0.15,0,0.49,0
"1731",0.15,56,0,0.74,0.31,0.52,0.12,0.01,0.25,0
"1732",0.08,12,0.09,0.6,0.27,0.72,0.06,0,0.21,0
"1733",0.24,48,0.34,0.4,0.32,0.26,0.26,0,0.59,0
"1734",0.11,39,0.12,0.47,0.33,0.6,0.16,0,0.35,0
"1735",0.07,25,0.01,0.69,0.45,0.57,0.06,0.02,0.08,0
"1736",0.06,33,0.01,0.67,0.4,0.75,0.14,0,0.15,0
"1737",0.08,53,0.02,0.61,0.3,0.72,0.09,0.01,0.11,0
"1738",0.19,42,0.27,0.58,0.38,0.51,0.32,0,0.16,0
"1739",0.17,34,0.06,0.6,0.54,0.61,0.19,0,0.15,0
"1740",0.13,8,0.02,0.83,0.35,0.74,0.14,0.01,0.16,0
"1741",0.01,9,0.02,0.63,0.38,0.43,0.07,0,0.05,0
"1742",0.06,51,0.24,0.84,0.38,0.63,0.24,0,0.15,0
"1743",0.15,6,0.03,0.46,0.53,0.27,0.21,0.05,0.37,0.04
"1744",0.11,27,0.02,0.72,0.43,0.86,0.26,0,0.12,0
"1745",0.05,38,0.01,0.65,0.68,0.79,0.13,0.07,0.36,0.03
"1746",0.01,55,0,0.77,0.29,0.73,0.04,0,0.06,0
"1747",0.06,29,0.06,0.51,0.38,0.24,0.03,0,0.08,0
"1748",0.5,6,0.14,0.49,0.4,0.35,0.38,0.03,0.25,0
"1749",0.13,25,0.02,0.63,0.47,0.74,0.09,0,0.09,0
"1750",0.67,12,0.46,0.29,0.34,0.44,0.5,0.02,0.52,0
"1751",0.17,40,0.03,0.19,0.37,0.41,0.07,0.02,0.54,0
"1752",0.35,51,0.65,0.59,0.42,0.47,0.52,0.06,0.37,0.09
"1753",0.19,34,0.23,0.65,0.41,0.52,0.13,0,0.07,0
"1754",0.6,12,0.19,0.41,0.45,0.52,0.27,0.04,0.33,0.02
"1755",0.6,45,0.27,0.7,0.39,0.59,0.25,0,0.3,0
"1756",0.06,56,0.01,0.58,0.26,0.28,0.07,0,0.18,0
"1757",0.27,12,0.06,0.15,0.28,0.6,0.11,0,0.25,0
"1758",0.09,25,0.02,0.71,0.36,0.55,0.08,0,0.09,0
"1759",0.22,42,0.02,0.16,0.46,0.48,0.05,0.01,0.19,0
"1760",1,6,0.85,0.43,0.57,0.5,0.62,0.11,0.42,0.3
"1761",0.12,42,0.05,0.39,0.58,0.39,0.08,0.01,0.04,0
"1762",0.02,42,0.01,0.31,0.3,0.35,0.06,0,0.19,0
"1763",0.03,42,0.04,0.48,0.28,0.51,0.05,0,0.09,0
"1764",0.16,21,0.13,0.76,0.29,0.72,0.12,0,0.08,0
"1765",0.22,29,0.04,0.4,0.34,0.41,0.14,0.02,0.45,0
"1766",0.08,9,0.04,0.74,0.44,0.77,0.21,0.01,0.13,0
"1767",0.01,25,0.02,0.57,0.37,0.54,0.06,0,0.05,0
"1768",0.67,6,0.37,0.51,1,0.57,0.45,0.29,0.46,0.62
"1769",0.08,49,0,0.49,0.4,0.49,0.02,0,0.2,0
"1770",0.14,6,0.02,0.62,0.29,0.6,0.1,0,0.2,0
"1771",0.36,48,0,0.07,0.46,0.02,0.25,0.02,1,0
"1772",0.16,39,0.06,0.57,0.23,0.55,0.08,0,0.22,0
"1773",0.09,39,0.02,0.35,0.43,0.52,0.18,0,0.46,0
"1774",0.75,12,0.62,0.51,0.5,0.75,0.61,0.01,0.4,0.03
"1775",0.15,40,0.02,0.22,0.45,0.38,0.1,0,0.78,0
"1776",0.83,12,0.54,0.24,0.28,0.59,0.44,0.03,0.52,0
"1777",0.03,18,0.01,0.67,0.28,0.51,0.04,0,0.03,0
"1778",0.47,51,0.76,0.56,0.78,0.35,0.78,0.15,0.51,0.07
"1779",0.48,6,0.06,0.49,0.55,0.41,0.32,0.05,0.24,0
"1780",0.19,42,0.35,0.56,1,0.76,0.66,0,0.45,0
"1781",0.05,34,0.01,0.46,0.31,0.41,0.08,0.01,0.08,0
"1782",0.08,53,0.02,0.29,1,0.45,0.13,0,0.91,0
"1783",0.04,9,0.02,0.64,0.35,0.7,0.08,0.01,0.07,0.01
"1784",0.53,22,0.66,0.19,1,0.53,0.7,0,0.81,0
"1785",0.09,48,0.57,0.81,0.26,0.8,0.17,0,0.08,0
"1786",0.06,39,0.02,0.7,0.25,0.62,0.05,0,0.1,0
"1787",0.09,9,0.02,0.45,0.37,0.67,0.06,0.01,0.06,0
"1788",0.25,49,0.03,0.55,0.48,0.5,0.28,0,0.45,0.03
"1789",0.39,34,0.16,0.49,0.42,0.52,0.52,0.03,0.3,0
"1790",0.53,6,0.37,0.51,0.67,0.34,0.57,0.13,0.39,0.03
"1791",0.52,37,0.59,0.57,0.41,0.73,0.5,0.06,0.33,0
"1792",0.08,47,0.05,0.78,0.24,0.67,0.02,0,0.05,0
"1793",0.6,34,0.36,0.46,0.51,0.52,0.61,0.03,0.36,0
"1794",0.02,9,0.02,0.64,0.38,0.54,0.07,0,0.05,0
"1795",0.06,6,0.02,0.81,0.32,0.56,0.05,0,0.03,0
"1796",0.09,53,0.04,0.69,0.44,0.48,0.09,0.01,0.13,0.03
"1797",0.19,12,0.07,0.36,0.35,0.63,0.15,0,0.26,0
"1798",0.16,25,0.03,0.46,0.46,0.54,0.13,0,0.17,0
"1799",0.14,48,0.01,0.69,0.28,0.68,0.03,0,0.07,0
"1800",0.19,6,0.04,0.36,1,0.52,0.29,0.04,0.86,0.13
"1801",0.07,39,0.01,0.31,0.28,0.46,0.23,0,0.41,0
"1802",0.72,45,0.69,0.49,0.6,0.61,0.74,0.07,0.47,0
"1803",0.07,42,0.03,0.74,0.22,0.5,0.26,0,0.19,0
"1804",0.27,39,0.1,0.04,0.3,0,0.24,0,0.75,0
"1805",0.03,33,0.01,0.6,0.3,0.76,0.06,0,0.12,0
"1806",0.45,19,0.02,0.51,0.33,0.83,0.16,0.02,0.25,0
"1807",0.15,53,0.04,0.66,0.48,0.53,0.2,0,0.24,0
"1808",0.13,25,0.01,0.71,0.39,0.58,0.06,0,0.09,0
"1809",0.26,29,0.94,0.57,0.56,0.78,0.63,0.01,0.33,0
"1810",0.06,48,0.04,0.46,0.19,0.63,0.16,0,0.36,0
"1811",0.62,34,0.58,0.41,1,0.64,1,0.06,0.58,0.04
"1812",0.53,18,0.12,0.42,0.34,0.58,0.24,0.01,0.4,0
"1813",0.09,34,0.06,0.51,0.46,0.32,0.16,0,0.15,0
"1814",0.49,48,0.15,0.56,0.37,0.66,0.17,0,0.57,0
"1815",0.09,29,0.15,0.3,1,0.54,0.21,0,0.69,0
"1816",0.64,36,0.68,0.37,0.69,0.36,1,0.09,0.7,0.02
"1817",0.01,9,0.01,0.54,0.29,0,0.03,0.01,0.03,0
"1818",0.5,37,0.66,0.41,0.62,0.59,0.69,0.05,0.59,0.02
"1819",0.02,9,0.02,0.74,0.33,0.47,0.04,0,0.04,0
"1820",0.24,6,0.02,0.55,0.35,0.68,0.21,0.03,0.24,0.01
"1821",0.23,53,0.07,0.54,0.48,0.67,0.34,0,0.18,0
"1822",0.38,6,0.18,0.44,0.45,0.65,0.15,0.04,0.12,0.03
"1823",0.23,28,1,0.28,0.54,0.64,1,0,0.85,0
"1824",0.41,29,0.14,0.34,0.28,0.72,0.2,0,0.48,0
"1825",0.05,25,0.01,0.66,0.36,0.48,0.02,0.01,0.07,0
"1826",0.18,29,0.05,0.44,0.5,0.57,0.13,0.19,0.47,0.01
"1827",0.02,34,0.01,0.66,0.37,0.49,0.07,0,0.04,0
"1828",0.09,1,0.06,0.7,0.27,0.56,0.04,0,0.07,0
"1829",0.05,6,0.04,0.73,0.54,0.44,0.08,0.01,0.16,0
"1830",0.07,49,0.09,0.48,0.51,0.46,0.21,0,0.46,0
"1831",0.07,48,0.05,0.39,0.22,0.2,0.09,0,0.42,0
"1832",0.81,12,0.43,0.15,0.53,0.57,0.51,0.01,0.54,0
"1833",0.04,34,0.02,0.63,0.42,0.29,0.01,0,0.02,0
"1834",0.02,38,0,0.86,0.38,1,0.1,0,0.19,0
"1835",0.15,25,0.03,0.6,0.42,0.64,0.15,0,0.12,0
"1836",0.65,34,0.7,0.46,0.71,0.49,1,0.15,0.49,0.22
"1837",0.86,13,1,0.3,0.47,0.57,0.81,0,0.7,0
"1838",0.12,40,0.1,0.4,0.21,0.43,0.16,0,0.31,0
"1839",0.57,40,0.31,0.52,0.37,0.56,0.36,0.59,0.42,0.54
"1840",0.16,9,0.16,0.6,0.51,0.69,0.26,0.12,0.13,0
"1841",0.18,18,0.28,0.39,0.38,0.62,0.38,0.01,0.47,0
"1842",0.16,28,0.56,0.34,0.43,0.5,0.45,0.04,0.54,0
"1843",0.24,13,1,0.37,0.38,0.52,0.58,0,0.69,0
"1844",0.44,22,0.35,0.54,0.35,0.56,0.38,0.01,0.42,0
"1845",0.06,34,0.04,0.68,0.38,0.5,0.05,0,0.04,0
"1846",0.16,34,0.2,0.56,0.44,0.36,0.17,0,0.12,0
"1847",0.08,48,0.03,0.73,0.25,0.62,0.12,0,0.11,0
"1848",1,34,1,0.28,0.84,0.29,1,1,0.7,1
"1849",0.14,48,0.01,0.45,0.22,0.44,0.04,0,0.19,0
"1850",0.55,51,1,0.33,0.66,0.66,1,0.01,0.54,0.02
"1851",0.13,28,0.12,0.49,0.27,0.59,0.06,0,0.26,0
"1852",0.22,12,0.11,0.04,0.09,0.43,0.07,0,0.15,0.02
"1853",0.29,51,0.2,0.56,0.44,0.8,0.32,0,0.29,0
"1854",0.05,38,0.02,0.61,0.75,0.75,0.16,0.04,0.38,0
"1855",0.16,48,0.07,0.62,0.23,0.4,0.06,0,0.19,0
"1856",0.09,54,0.03,0.26,0.31,0.37,0.21,0,0.5,0
"1857",0.17,47,0.12,0.32,0.29,0.68,0.16,0,0.43,0
"1858",0.15,54,0.07,0.17,1,0.51,0.11,0.04,0.82,0
"1859",0.14,29,0.16,0.45,0.57,0.65,0.28,0,0.47,0
"1860",0.34,55,0.36,0.47,0.46,0.58,0.59,0.01,0.42,0.01
"1861",0.27,21,0.23,0.55,0.38,0.77,0.3,0,0.34,0
"1862",0.17,4,0.04,0.46,0.14,0.52,0.15,0,0.2,0.01
"1863",0.26,37,0.34,0.43,0.32,0.6,0.29,0.02,0.49,0
"1864",0.07,46,0,0.56,0.35,0.96,0.09,0,0.35,0
"1865",0.02,34,0.02,0.78,0.27,0.42,0.06,0.01,0.05,0
"1866",0.95,12,0.52,0.66,0.72,0.62,0.74,0.4,0.41,0.54
"1867",0.11,48,0,0.35,0.23,0.22,0.06,0,0.39,0
"1868",0.03,42,0.01,0.28,0.35,0.49,0.16,0,0.27,0
"1869",0.03,55,0,0.6,0.39,0.65,0.08,0.01,0.18,0
"1870",0.19,42,0.15,0.31,0.35,0.52,0.18,0,0.25,0
"1871",0.34,48,0.07,0.31,0.59,0.19,0.23,0,0.73,0
"1872",0.11,42,0.01,0.63,0.37,0.75,0.07,0,0.07,0
"1873",0.53,45,0.81,0.46,0.74,0.64,0.85,0.1,0.57,0
"1874",0.04,51,0.09,0.5,0.34,0.7,0.12,0,0.12,0.01
"1875",0.21,25,0.04,0.57,0.49,0.66,0.27,0,0.19,0
"1876",0.37,6,0.02,0.63,0.5,0.54,0.28,0.01,0.2,0
"1877",0.18,6,0.17,0.47,0.59,0.49,0.2,0,0.15,0
"1878",0.15,23,0.01,0.46,0.46,0.63,0.21,0.03,0.36,0
"1879",0.88,25,0.12,0.27,0.66,0.28,0.83,0.03,0.73,0.06
"1880",0.2,28,1,0.23,0.55,0.57,1,0,1,0
"1881",0.22,34,0.39,0.44,0.46,0.52,0.32,0,0.14,0
"1882",0.06,34,0.02,0.63,0.52,0.46,0.08,0,0.07,0
"1883",0.08,25,0.01,0.66,0.45,0.54,0.08,0,0.11,0
"1884",0.11,6,0.1,0.71,0.3,0.57,0.15,0,0.13,0
"1885",0.38,6,0.2,0.63,0.57,0.48,0.27,0.05,0.16,0
"1886",0.08,34,0.06,0.8,0.37,0.49,0.08,0,0.04,0
"1887",0.29,45,0.35,0.62,0.3,0.5,0.23,0,0.25,0
"1888",0.36,6,0.19,0.31,0.32,0.11,0.3,0.01,0.39,0.24
"1889",0.09,39,0.07,0.46,0.27,0.54,0.19,0,0.37,0
"1890",0.1,48,0.12,0.41,0.35,0.4,0.12,0,0.51,0
"1891",0.05,5,0,0.52,0.22,0.69,0.07,0,0.23,0
"1892",0.23,4,0.06,0.68,0.81,0.54,0.22,0.03,0.35,0
"1893",0.15,25,0.02,0.57,0.65,0.47,0.17,0.04,0.17,0.01
"1894",0.3,39,0.1,0.28,0.35,0.33,0.35,0,0.44,0
"1895",0.03,9,0.04,0.66,0.39,0.61,0.13,0.01,0.1,0
"1896",0.19,39,0.05,0.36,0.24,0.63,0.09,0,0.22,0
"1897",0.04,34,0.01,0.51,0.4,0.44,0.07,0.01,0.07,0
"1898",0.15,25,0.01,0.73,0.42,0.68,0.05,0,0.05,0
"1899",0.01,18,0.02,0.58,0.29,0.58,0.21,0.01,0.22,0
"1900",0.08,49,0,0.7,0.34,0.36,0.04,0,0.07,0
"1901",0.5,1,0.27,0.58,0.28,0.66,0.18,0,0.29,0
"1902",0.16,40,0.03,0.55,0.21,0.63,0.07,0.01,0.21,0
"1903",0.16,6,0.03,0.57,0.33,0.53,0.17,0,0.16,0
"1904",0.22,53,0.07,0.77,0.53,0.54,0.24,0,0.22,0.16
"1905",0.08,48,0.05,0.86,0.33,0.65,0.09,0,0.08,0
"1906",0.14,12,0.05,0.01,0.12,0.59,0.04,0,0.14,0
"1907",0.05,34,0.03,0.54,0.49,0.15,0.07,0,0.19,0
"1908",0.41,21,0.58,0.34,0.55,0.54,0.71,0.47,0.6,0.08
"1909",0.09,23,0.02,0.5,0.55,0.58,0.24,0.03,0.39,0
"1910",0.26,34,0.02,0.43,0.51,0.5,0.36,0.07,0.24,0
"1911",0.67,6,0.28,0.47,0.65,0.22,0.58,0.12,0.49,0.01
"1912",0.05,29,0.14,0.52,0.27,0.59,0.08,0,0.09,0
"1913",0.17,39,0.11,0.47,0.43,0.68,0.15,0.01,0.39,0
"1914",0.29,6,0.06,0.72,0.33,0.57,0.13,0,0.18,0
"1915",0.54,12,0.06,0.13,0.25,0.86,0.07,0,0.26,0
"1916",0.1,34,0.1,0.53,0.4,0.53,0.05,0,0.05,0
"1917",0.63,6,0.01,0.41,0.74,0.11,0.78,0,0.56,0.19
"1918",0.2,24,0.11,0.55,0.55,0.67,0.2,0.01,0.21,0
"1919",0.29,48,0.12,0.23,0.41,0.34,0.2,0,0.63,0
"1920",0.27,36,0.29,0.42,0.57,0.49,0.59,0.03,0.3,0
"1921",0.13,48,0.05,0.47,0.42,0.08,0.17,0,0.57,0
"1922",0.16,6,0.28,0.63,0.34,0.43,0.21,0,0.24,0
"1923",0.32,6,0.04,0.58,0.68,0.53,0.3,0.18,0.33,0.11
"1924",0.11,6,0.02,0.7,0.5,0.51,0.11,0,0.08,0.01
"1925",0.13,6,0.02,0.69,0.42,0.45,0.12,0,0.1,0
"1926",0.29,6,0.09,0.3,0.43,0.14,0.36,0.03,0.62,0
"1927",0.09,55,0.01,0.57,0.43,0.76,0.16,0,0.15,0
"1928",0.08,34,0.06,0.83,0.42,0.54,0.09,0,0.06,0
"1929",0.17,29,0.33,0.74,0.43,0.84,0.28,0,0.16,0
"1930",0.17,29,0.21,0.73,0.42,0.74,0.15,0,0.1,0
"1931",0.02,34,0.01,0.75,0.38,0.4,0.01,0.01,0.02,0
"1932",0.12,34,0.04,0.5,0.5,0.43,0.09,0,0.18,0
"1933",0.04,34,0.02,0.6,0.33,0.38,0.04,0,0,0
"1934",0.03,42,0.08,0.62,0.33,0.55,0.06,0,0.03,0
"1935",0.14,29,0.16,0.29,0.34,0.7,0.06,0,0.08,0
"1936",0.04,19,0,0.49,0.21,0.8,0.09,0,0.19,0
"1937",0.04,34,0.02,0,0.05,0.68,0.04,0,0.11,0
"1938",0.06,33,0,0.32,0.35,0.57,0.13,0,0.28,0
"1939",0.2,35,0.12,0.45,0.25,0.45,0.18,0,0.35,0
"1940",0.08,36,0.03,0.3,0.82,0.59,0.2,0.03,0.53,0
"1941",0.56,54,0.28,0.31,0.4,0.35,0.39,0.09,0.49,0.03
"1942",0.14,6,0.11,0.8,0.56,0.68,0.25,0.02,0.17,0.02
"1943",0.12,47,0.13,0.65,0.3,0.65,0.3,0,0.28,0
"1944",0.16,4,0.01,0.14,0.12,0.66,0.1,0,0.44,0
"1945",0.16,6,0.05,0.72,0.36,0.57,0.12,0,0.1,0
"1946",0.15,13,0.11,0.7,0.28,0.65,0.17,0.01,0.22,0
"1947",0.2,6,0.02,0.59,0.55,0.43,0.19,0,0.29,0
"1948",0.06,41,0.01,0.44,0.61,0.79,0.13,0,0.46,0
"1949",0.18,34,0.08,0.6,0.44,0.49,0.03,0,0.03,0
"1950",0.23,18,0.33,0.56,0.48,0.73,0.41,0.06,0.3,0.03
"1951",0.18,25,0.01,0.6,0.35,0.67,0.09,0,0.11,0
"1952",0.26,6,0.03,0.77,0.4,0.51,0.17,0,0.08,0
"1953",0.11,6,0.03,0.52,0.3,0.5,0.11,0,0.1,0
"1954",0.04,39,0.02,0.25,0.26,0.36,0.13,0,0.5,0
"1955",0.48,6,0.18,0.57,0.69,0.36,0.37,1,0.35,1
"1956",0.03,34,0.02,0.61,0.4,0.5,0.07,0.02,0.05,0
"1957",0.3,37,0.4,0.52,0.37,0.73,0.42,0.01,0.31,0.01
"1958",1,5,0.66,0.55,0.45,0.72,0.53,0.08,0.38,0
"1959",0.34,5,0.33,0.65,0.31,0.6,0.24,0,0.3,0
"1960",0.1,45,0.25,0.72,0.13,0.19,0.09,0,0.23,0
"1961",0.02,38,0,0.49,0.37,0.64,0.11,0,0.38,0
"1962",0.02,39,0.72,0.58,0.6,0.68,0.24,0,0.21,0
"1963",0.32,6,0.04,0.47,0.42,0.42,0.29,0.06,0.44,0.05
"1964",0.45,36,0.61,0.44,0.71,0.49,0.82,0.02,0.38,0
"1965",0.6,36,1,0.48,0.6,0.57,0.78,0.07,0.3,0
"1966",0.69,18,0.44,0.58,0.45,0.65,0.49,0.33,0.32,0.31
"1967",0.3,6,0.07,0.66,0.54,0.65,0.28,0.05,0.21,0.29
"1968",0.04,25,0,0.74,0.37,0.58,0.04,0,0.01,0
"1969",0.19,34,0.51,0.45,0.61,0.49,0.46,0,0.25,0.01
"1970",0.75,6,0.21,0.53,0.85,0.52,0.4,1,0.33,1
"1971",0.53,45,0.38,0.57,0.35,0.77,0.35,0,0.24,0
"1972",0.22,1,0.32,0.48,0.29,0.44,0.27,0.01,0.33,0
"1973",0.3,6,0.07,0.53,0.42,0.42,0.18,0.05,0.23,0.06
"1974",0.04,39,0.03,0.58,0.27,0.63,0.04,0,0.07,0
"1975",0.52,37,0.62,0.47,0.35,0.87,0.86,0.01,0.35,0
"1976",0.09,53,0.03,0.77,0.49,0.6,0.13,0,0.14,0
"1977",0.08,25,0.03,0.61,0.6,0.56,0.06,0,0.11,0
"1978",0.25,47,0.06,0.28,0.28,0.39,0.09,0,0.36,0
"1979",0.04,9,0.02,0.72,0.4,0.48,0.07,0,0.05,0
"1980",0.16,34,0.39,0.57,0.45,0.51,0.26,0,0.16,0.01
"1981",0.28,25,0.04,0.53,0.48,0.67,0.31,0,0.21,0
"1982",0.07,9,0.17,0.56,0.42,0.68,0.11,0.02,0.1,0
"1983",0.03,42,0.02,0.42,0.4,0.83,0.03,0,0.11,0
"1984",0.56,13,0.37,0.54,0.36,0.59,0.3,0,0.31,0
"1985",0.14,39,0.01,0.66,0.34,0.72,0.02,0,0.08,0
"1986",0.14,1,0.55,0.43,0.32,0.82,0.42,0,0.45,0
"1987",0.02,9,0.02,0.69,0.38,0.76,0.05,0,0.06,0
"1988",0.04,44,0,0.55,0.34,0.77,0.12,0,0.13,0
"1989",0.19,28,1,0.36,0.53,0.59,0.85,0.01,0.76,0
"1990",0.09,12,0.1,0.71,0.41,0.73,0.11,0,0.16,0
"1991",0.45,6,0.46,0.77,0.75,0.4,0.42,0.01,0.32,0
"1992",0.23,9,0.25,0.46,0.53,0.46,0.54,0.06,0.31,0.02
"1993",0.19,25,0.06,0.57,0.87,0.63,0.17,0.04,0.16,0.01
"1994",0.48,6,0.14,0.58,0.5,0.35,0.43,0.08,0.35,0.08
